Date,Open,High,Low,Close,Adj Close,Volume
2019-01-15,0.0024309998843818903,0.0024349999148398638,0.0024300001095980406,0.0024349999148398638,0.0024349999148398638,39151
2019-01-16,0.0024319998919963837,0.002455000067129731,0.002334000077098608,0.002380999969318509,0.002380999969318509,58542
2019-01-17,0.002380999969318509,0.0024480000138282776,0.0023620000574737787,0.0023960000835359097,0.0023960000835359097,34744
2019-01-18,0.0023950000759214163,0.0025659999810159206,0.002374999923631549,0.0025599999353289604,0.0025599999353289604,78496
2019-01-19,0.0025599999353289604,0.002816000021994114,0.002426000079140067,0.0027910000644624233,0.0027910000644624233,84818
2019-01-20,0.002788000041618943,0.0028299998957663774,0.002713999943807721,0.002727000042796135,0.002727000042796135,71349
2019-01-21,0.002730000065639615,0.0027540000155568123,0.0025049999821931124,0.002750999992713332,0.002750999992713332,96184
2019-01-22,0.002753000007942319,0.0028979999478906393,0.0026030000299215317,0.0028830000665038824,0.0028830000665038824,107772
2019-01-23,0.0028830000665038824,0.0036979999858886003,0.0027050001081079245,0.0027199999894946814,0.0027199999894946814,95742
2019-01-24,0.0027199999894946814,0.0040259999223053455,0.002707999898120761,0.002882000058889389,0.002882000058889389,161214
2019-01-25,0.0028890001121908426,0.0034080001059919596,0.0028840000741183758,0.0033130000811070204,0.0033130000811070204,168287
2019-01-26,0.0033130000811070204,0.0034920000471174717,0.0032369999680668116,0.0033809999004006386,0.0033809999004006386,131157
2019-01-27,0.0033829999156296253,0.003522000042721629,0.0033680000342428684,0.0034310000482946634,0.0034310000482946634,141329
2019-01-28,0.0034340000711381435,0.003527000080794096,0.003082999959588051,0.003082999959588051,0.003082999959588051,179048
2019-01-29,0.003085999982431531,0.0032939999364316463,0.002831999910995364,0.0028520000632852316,0.0028520000632852316,134441
2019-01-30,0.0028540000785142183,0.003215000033378601,0.0027940000873059034,0.0028899998869746923,0.0028899998869746923,159353
2019-01-31,0.0028890001121908426,0.00318100000731647,0.0028669999446719885,0.003071000101044774,0.003071000101044774,162188
2019-02-01,0.003074999898672104,0.0031320000998675823,0.002841999987140298,0.002993999980390072,0.002993999980390072,157974
2019-02-02,0.0029899999499320984,0.0032919999212026596,0.002985999919474125,0.0031930000986903906,0.0031930000986903906,118626
2019-02-03,0.0031930000986903906,0.003281000070273876,0.00317499996162951,0.0032420000061392784,0.0032420000061392784,98368
2019-02-04,0.0032530000898987055,0.0033289999701082706,0.0032420000061392784,0.003315000096336007,0.003315000096336007,74721
2019-02-05,0.00330400001257658,0.003360999980941415,0.0032649999484419823,0.003317000111564994,0.003317000111564994,81683
2019-02-06,0.003326999954879284,0.003326999954879284,0.0032279998995363712,0.0032969999592751265,0.0032969999592751265,89581
2019-02-07,0.0032969999592751265,0.003309000050649047,0.002788000041618943,0.002850000048056245,0.002850000048056245,105083
2019-02-08,0.0028510000556707382,0.003025999991223216,0.0028150000143796206,0.003005000064149499,0.003005000064149499,106528
2019-02-09,0.0030040000565350056,0.003089000005275011,0.0028069999534636736,0.002819000044837594,0.002819000044837594,81438
2019-02-10,0.0028210000600665808,0.003137999912723899,0.0028150000143796206,0.003137999912723899,0.003137999912723899,82324
2019-02-11,0.003135999897494912,0.0031479999888688326,0.00279999990016222,0.00279999990016222,0.00279999990016222,96716
2019-02-12,0.0028059999458491802,0.003114999970421195,0.0027830000035464764,0.0030950000509619713,0.0030950000509619713,101225
2019-02-13,0.003094000043347478,0.0031030001118779182,0.0028210000600665808,0.002827000105753541,0.002827000105753541,102934
2019-02-14,0.002822000067681074,0.0029959999956190586,0.0028069999534636736,0.0028119999915361404,0.0028119999915361404,99899
2019-02-15,0.002816000021994114,0.003011999884620309,0.0028119999915361404,0.0029219998978078365,0.0029219998978078365,97779
2019-02-16,0.0029239999130368233,0.002954999916255474,0.002819000044837594,0.002937000012025237,0.002937000012025237,93533
2019-02-17,0.0029360000044107437,0.0029770000837743282,0.002827000105753541,0.002966000000014901,0.002966000000014901,73772
2019-02-18,0.0029670000076293945,0.003220000071451068,0.0028699999675154686,0.003011000109836459,0.003011000109836459,101067
2019-02-19,0.0030139998998492956,0.0033730000723153353,0.0030070000793784857,0.003315000096336007,0.003315000096336007,108349
2019-02-20,0.003312000073492527,0.003640000009909272,0.0032240001019090414,0.003640000009909272,0.003640000009909272,122073
2019-02-21,0.003639000002294779,0.003639000002294779,0.0030559999868273735,0.0034370000939816236,0.0034370000939816236,92140
2019-02-22,0.0034310000482946634,0.0034570000134408474,0.0030539999715983868,0.003077999921515584,0.003077999921515584,107889
2019-02-23,0.0030739998910576105,0.003352999920025468,0.0029410000424832106,0.0031010000966489315,0.0031010000966489315,76021
2019-02-24,0.003103999886661768,0.0035349999088793993,0.002724000019952655,0.0031500000040978193,0.0031500000040978193,61989
2019-02-25,0.0031560000497847795,0.0032840000931173563,0.002761000068858266,0.0032599999103695154,0.0032599999103695154,76263
2019-02-26,0.0032500000670552254,0.003326999954879284,0.002687999978661537,0.0026940000243484974,0.0026940000243484974,111122
2019-02-27,0.0026970000471919775,0.0032029999420046806,0.002643000101670623,0.002727000042796135,0.002727000042796135,111173
2019-02-28,0.0027310000732541084,0.0031769999768584967,0.002727000042796135,0.0030799999367445707,0.0030799999367445707,98276
2019-03-01,0.0030769999139010906,0.0030950000509619713,0.0016220000106841326,0.003043999895453453,0.003043999895453453,70057
2019-03-02,0.0030380000825971365,0.003135999897494912,0.003003000048920512,0.0031270000617951155,0.0031270000617951155,77511
2019-03-03,0.0031240000389516354,0.0031389999203383923,0.0026229999493807554,0.0031109999399632215,0.0031109999399632215,77889
2019-03-04,0.003114999970421195,0.003129000077024102,0.0025059999898076057,0.0025190000887960196,0.0025190000887960196,95247
2019-03-05,0.0025210001040250063,0.0030479999259114265,0.0025080000050365925,0.0030429998878389597,0.0030429998878389597,94683
2019-03-06,0.0030380000825971365,0.0030769999139010906,0.0028280001133680344,0.0030429998878389597,0.0030429998878389597,124248
2019-03-07,0.0030429998878389597,0.003073000116273761,0.002930999966338277,0.003046999918296933,0.003046999918296933,130732
2019-03-08,0.0030499999411404133,0.003252000082284212,0.002615999896079302,0.003235999960452318,0.003235999960452318,359242
2019-03-09,0.0032289999071508646,0.0033420000690966845,0.0032079999800771475,0.0033140000887215137,0.0033140000887215137,347038
2019-03-10,0.0033279999624937773,0.0034409998916089535,0.0031840000301599503,0.003361999988555908,0.003361999988555908,365657
2019-03-11,0.003379999892786145,0.003449999960139394,0.003155000042170286,0.0034199999645352364,0.0034199999645352364,373152
2019-03-12,0.0034129999112337828,0.003441999899223447,0.003364000003784895,0.0034099998883903027,0.0034099998883903027,383932
2019-03-13,0.0034080001059919596,0.0034809999633580446,0.0032099999953061342,0.0034370000939816236,0.0034370000939816236,391060
2019-03-14,0.0034310000482946634,0.0034779999405145645,0.003378999885171652,0.0034260000102221966,0.0034260000102221966,317869
2019-03-15,0.0034370000939816236,0.0035540000535547733,0.0034199999645352364,0.003527000080794096,0.003527000080794096,262340
2019-03-16,0.003513999981805682,0.004108999855816364,0.0034920000471174717,0.004104000050574541,0.004104000050574541,299913
2019-03-17,0.004083999898284674,0.0041149999015033245,0.003840999910607934,0.0038799999747425318,0.0038799999747425318,276634
2019-03-18,0.0038850000128149986,0.0039049999322742224,0.0031300000846385956,0.003674000035971403,0.003674000035971403,252338
2019-03-19,0.00367600005120039,0.0037140001077204943,0.003594999900087714,0.0036559998989105225,0.0036559998989105225,267059
2019-03-20,0.0036460000555962324,0.0036830001045018435,0.0034310000482946634,0.0034340000711381435,0.0034340000711381435,394954
2019-03-21,0.0034439999144524336,0.003530000103637576,0.003212000010535121,0.003464000066742301,0.003464000066742301,360168
2019-03-22,0.0034620000515133142,0.0035200000274926424,0.002920999890193343,0.0029490001033991575,0.0029490001033991575,311065
2019-03-23,0.0029460000805556774,0.0029619999695569277,0.0028979999478906393,0.002911000046879053,0.002911000046879053,261325
2019-03-24,0.0029150000773370266,0.0029360000044107437,0.0028200000524520874,0.0029100000392645597,0.0029100000392645597,273168
2019-03-25,0.0029180001001805067,0.0029849999118596315,0.002718999981880188,0.002957999939098954,0.002957999939098954,395078
2019-03-26,0.0029430000577121973,0.002957999939098954,0.0028800000436604023,0.0029249999206513166,0.0029249999206513166,325829
2019-03-27,0.0029279999434947968,0.002954999916255474,0.00279999990016222,0.002833999926224351,0.002833999926224351,372912
2019-03-28,0.002833999926224351,0.0029460000805556774,0.0027230000123381615,0.0027459999546408653,0.0027459999546408653,443528
2019-03-29,0.0027459999546408653,0.0029980000108480453,0.0027209999971091747,0.0027459999546408653,0.0027459999546408653,488055
2019-03-30,0.0027409999165683985,0.0029800001066178083,0.002730000065639615,0.0028440000023692846,0.0028440000023692846,210185
2019-03-31,0.0028440000023692846,0.002933999989181757,0.0027459999546408653,0.002902999985963106,0.002902999985963106,503490
2019-04-01,0.002902999985963106,0.0029349999967962503,0.0027290000580251217,0.0028019999153912067,0.0028019999153912067,589098
2019-04-02,0.0028029999230057,0.0031649998854845762,0.0027149999514222145,0.0031449999660253525,0.0031449999660253525,719243
2019-04-03,0.0031449999660253525,0.0032939999364316463,0.0029780000913888216,0.003128000069409609,0.003128000069409609,748067
2019-04-04,0.003128000069409609,0.0032210000790655613,0.0029509998857975006,0.003152000019326806,0.003152000019326806,865401
2019-04-05,0.003152000019326806,0.0032599999103695154,0.0029219998978078365,0.0029430000577121973,0.0029430000577121973,664610
2019-04-06,0.0029440000653266907,0.0029440000653266907,0.002827000105753541,0.002841999987140298,0.002841999987140298,251083
2019-04-07,0.0028440000023692846,0.003191000083461404,0.0028230000752955675,0.0031640001107007265,0.0031640001107007265,673105
2019-04-08,0.0031640001107007265,0.0033650000113993883,0.0031049998942762613,0.0033629999961704016,0.0033629999961704016,1359029
2019-04-09,0.0033629999961704016,0.0034119999036192894,0.003128000069409609,0.0033030000049620867,0.0033030000049620867,804714
2019-04-10,0.0033019999973475933,0.0036170000676065683,0.003025999991223216,0.003548000007867813,0.003548000007867813,1411614
2019-04-11,0.0035490000154823065,0.00356299988925457,0.002831999910995364,0.003449999960139394,0.003449999960139394,1191187
2019-04-12,0.0034489999525249004,0.003450999967753887,0.0027840000111609697,0.003287999890744686,0.003287999890744686,996952
2019-04-13,0.003287999890744686,0.00330400001257658,0.0028329999186098576,0.0028830000665038824,0.0028830000665038824,298586
2019-04-14,0.0028830000665038824,0.003223000094294548,0.00279300007969141,0.0032049999572336674,0.0032049999572336674,789026
2019-04-15,0.0032049999572336674,0.0033030000049620867,0.0028029999230057,0.0032250001095235348,0.0032250001095235348,1300598
2019-04-16,0.0032250001095235348,0.0032599999103695154,0.002979000099003315,0.003203999949619174,0.003203999949619174,700158
2019-04-17,0.003203999949619174,0.0034729999024420977,0.002113000024110079,0.0031330001074820757,0.0031330001074820757,624843
2019-04-18,0.0031330001074820757,0.0031469999812543392,0.0020359999034553766,0.00279000005684793,0.00279000005684793,543895
2019-04-19,0.00279000005684793,0.0028689999599009752,0.002706000115722418,0.0028299998957663774,0.0028299998957663774,152644
2019-04-20,0.0028299998957663774,0.0029009999707341194,0.002761000068858266,0.002865999937057495,0.002865999937057495,147951
2019-04-21,0.0028649999294430017,0.002954999916255474,0.0022869999520480633,0.002329000039026141,0.002329000039026141,358879
2019-04-22,0.002329000039026141,0.003157000057399273,0.002303000073879957,0.0030869999900460243,0.0030869999900460243,512601
2019-04-23,0.0030869999900460243,0.0032240001019090414,0.0024500000290572643,0.002942000050097704,0.002942000050097704,497767
2019-04-24,0.002942000050097704,0.002974000060930848,0.002397000091150403,0.002457000082358718,0.002457000082358718,593752
2019-04-25,0.002457000082358718,0.0025400000158697367,0.00228899996727705,0.0023539999965578318,0.0023539999965578318,511018
2019-04-26,0.0023590000346302986,0.0023640000727027655,0.002179000061005354,0.002182000083848834,0.002182000083848834,268485
2019-04-27,0.002182000083848834,0.0023509999737143517,0.0016060000052675605,0.0022789998911321163,0.0022789998911321163,293097
2019-04-28,0.0022780001163482666,0.002309999894350767,0.0016169999726116657,0.002111000008881092,0.002111000008881092,190788
2019-04-29,0.002111000008881092,0.0021299999207258224,0.0018700000364333391,0.0019099999917671084,0.0019099999917671084,218640
2019-04-30,0.0019099999917671084,0.0019369999645277858,0.0018149999668821692,0.0019109999993816018,0.0019109999993816018,264253
2019-05-01,0.0019109999993816018,0.0019180000526830554,0.0017999999690800905,0.0018119999440386891,0.0018119999440386891,133033
2019-05-02,0.0018110000528395176,0.0018909999635070562,0.0017979999538511038,0.0018690000288188457,0.0018690000288188457,210834
2019-05-03,0.0018700000364333391,0.0020810000132769346,0.0017999999690800905,0.001800999976694584,0.001800999976694584,234042
2019-05-04,0.001800999976694584,0.0019020000472664833,0.0017590000061318278,0.001888000057078898,0.001888000057078898,57900
2019-05-05,0.0018889999482780695,0.002070999937132001,0.0017130000051110983,0.0018889999482780695,0.0018889999482780695,308556
2019-05-06,0.001888000057078898,0.0018899999558925629,0.0017960000550374389,0.0018370000179857016,0.0018370000179857016,331167
2019-05-07,0.0018360000103712082,0.0018690000288188457,0.0017810000572353601,0.0018500000005587935,0.0018500000005587935,222001
2019-05-08,0.0018479999853298068,0.0018520000157877803,0.0016189999878406525,0.0017000000225380063,0.0017000000225380063,209495
2019-05-09,0.001699000014923513,0.0017229999648407102,0.0015569999814033508,0.0016710000345483422,0.0016710000345483422,209004
2019-05-10,0.0016700000269338489,0.001724999980069697,0.0016199999954551458,0.0016410000389441848,0.0016410000389441848,223742
2019-05-11,0.0016400000313296914,0.0017419999931007624,0.0016289999475702643,0.0017140000127255917,0.0017140000127255917,245860
2019-05-12,0.0017130000051110983,0.001744000008329749,0.0015180000336840749,0.001693999976851046,0.001693999976851046,262701
2019-05-13,0.001693999976851046,0.0018570000538602471,0.0011609999928623438,0.0018129999516531825,0.0018129999516531825,48479
2019-05-14,0.0018119999440386891,0.0019109999993816018,0.0011879999656230211,0.0017800000496208668,0.0017800000496208668,236446
2019-05-15,0.0017800000496208668,0.0018439999548718333,0.0017170000355690718,0.0017320000333711505,0.0017320000333711505,257218
2019-05-16,0.0017320000333711505,0.0021460000425577164,0.0017190000507980585,0.002051000017672777,0.002051000017672777,301481
2019-05-17,0.0020520000252872705,0.0021490000654011965,0.0018579999450594187,0.0019519999623298645,0.0019519999623298645,374354
2019-05-18,0.0019519999623298645,0.0019650000613182783,0.0017269999952986836,0.0018919999711215496,0.0018919999711215496,268221
2019-05-19,0.0018939999863505363,0.0025430000387132168,0.0018850000342354178,0.0022980000358074903,0.0022980000358074903,320932
2019-05-20,0.0022980000358074903,0.0031880000606179237,0.002248999895527959,0.002678999910131097,0.002678999910131097,380823
2019-05-21,0.0026779999025166035,0.0027179999742656946,0.0016840000171214342,0.0017330000409856439,0.0017330000409856439,369940
2019-05-22,0.0017330000409856439,0.0027129999361932278,0.001715000020340085,0.001728000002913177,0.001728000002913177,356027
2019-05-23,0.001728000002913177,0.002581000095233321,0.0017269999952986836,0.0025140000507235527,0.0025140000507235527,394280
2019-05-24,0.0025140000507235527,0.0029380000196397305,0.0024790000170469284,0.0027660001069307327,0.0027660001069307327,429579
2019-05-25,0.0027660001069307327,0.0027890000492334366,0.001825000043027103,0.00241800001822412,0.00241800001822412,130526
2019-05-26,0.002420000033453107,0.0029460000805556774,0.002400999888777733,0.0028719999827444553,0.0028719999827444553,461055
2019-05-27,0.002873999997973442,0.0029959999956190586,0.0027650000993162394,0.0027940000873059034,0.0027940000873059034,438133
2019-05-28,0.0027920000720769167,0.0027989998925477266,0.0020989999175071716,0.0021009999327361584,0.0021009999327361584,401205
2019-05-29,0.0021009999327361584,0.0025309999473392963,0.002096999902278185,0.0024480000138282776,0.0024480000138282776,408458
2019-05-30,0.0024480000138282776,0.0025690000038594007,0.002122000092640519,0.0024220000486820936,0.0024220000486820936,512356
2019-05-31,0.0024220000486820936,0.002440999960526824,0.0023129999171942472,0.002423000056296587,0.002423000056296587,316109
2019-06-01,0.002423000056296587,0.0024969999212771654,0.0021810000762343407,0.0023719999007880688,0.0023719999007880688,236706
2019-06-02,0.0023719999007880688,0.0025190000887960196,0.002044999971985817,0.00228299992159009,0.00228299992159009,289548
2019-06-03,0.00228299992159009,0.002392000053077936,0.001988000003620982,0.0020779999904334545,0.0020779999904334545,206511
2019-06-04,0.002078999998047948,0.002124000107869506,0.001867000013589859,0.002082000020891428,0.002082000020891428,333322
2019-06-05,0.0020830000285059214,0.0021180000621825457,0.0019499999471008778,0.001976999919861555,0.001976999919861555,353491
2019-06-06,0.0019759999122470617,0.002136999974027276,0.001851000008173287,0.002067999914288521,0.002067999914288521,306709
2019-06-07,0.002068999921903014,0.002107999986037612,0.0018810000037774444,0.002076999982818961,0.002076999982818961,408987
2019-06-08,0.002076999982818961,0.0021100000012665987,0.001858999952673912,0.001858999952673912,0.001858999952673912,164749
2019-06-09,0.0018579999450594187,0.0020570000633597374,0.0015839999541640282,0.001610000035725534,0.001610000035725534,158631
2019-06-10,0.0016060000052675605,0.0022219999227672815,0.001585999969393015,0.0017869999865069985,0.0017869999865069985,278593
2019-06-11,0.0017890000017359853,0.0021669999696314335,0.0017869999865069985,0.0021170000545680523,0.0021170000545680523,313975
2019-06-12,0.0021180000621825457,0.0021569998934865,0.0018579999450594187,0.0019079999765381217,0.0019079999765381217,360368
2019-06-13,0.0019069999689236283,0.0024300001095980406,0.0018179999897256494,0.002247000113129616,0.002247000113129616,379834
2019-06-14,0.002248999895527959,0.0022609999869018793,0.0020359999034553766,0.0021299999207258224,0.0021299999207258224,445454
2019-06-15,0.002128999913111329,0.0024129999801516533,0.0021230001002550125,0.0023620000574737787,0.0023620000574737787,343039
2019-06-16,0.0023620000574737787,0.0024319998919963837,0.002339000115171075,0.0023759999312460423,0.0023759999312460423,349108
2019-06-17,0.002374999923631549,0.0024160000029951334,0.0015670000575482845,0.001585999969393015,0.001585999969393015,2
2019-06-18,0.001585999969393015,0.002454000059515238,0.0015429999912157655,0.0024470000062137842,0.0024470000062137842,228
2019-06-19,0.0024480000138282776,0.002474999986588955,0.002265000017359853,0.002409999957308173,0.002409999957308173,10022
2019-06-20,0.002409999957308173,0.002426000079140067,0.0021440000273287296,0.0021879998967051506,0.0021879998967051506,3
2019-06-21,0.002188999904319644,0.0023270000237971544,0.002188999904319644,0.0023270000237971544,0.0023270000237971544,78
2019-06-22,0.002334000077098608,0.0025530001148581505,0.0017930000321939588,0.002314999932423234,0.002314999932423234,0
2019-06-23,0.002314999932423234,0.002509000012651086,0.0023040000814944506,0.0024190000258386135,0.0024190000258386135,105
2019-06-24,0.0024190000258386135,0.003321999916806817,0.002369999885559082,0.0033030000049620867,0.0033030000049620867,1
2019-06-25,0.0033030000049620867,0.0034149999264627695,0.0021959999576210976,0.0023499999660998583,0.0023499999660998583,215422
2019-06-26,0.0023499999660998583,0.0024800000246614218,0.0022879999596625566,0.002389000030234456,0.002389000030234456,197803
2019-06-27,0.002389000030234456,0.002472999971359968,0.0023560000117868185,0.0024319998919963837,0.0024319998919963837,189715
2019-06-28,0.0024309998843818903,0.002452000044286251,0.0023620000574737787,0.0024160000029951334,0.0024160000029951334,137848
2019-06-29,0.0024160000029951334,0.002486000070348382,0.0023819999769330025,0.0024759999942034483,0.0024759999942034483,228123
2019-06-30,0.002478000009432435,0.0024949999060481787,0.002392000053077936,0.002432999899610877,0.002432999899610877,221498
2019-07-01,0.002432999899610877,0.0024530000519007444,0.002372999908402562,0.00241499999538064,0.00241499999538064,227411
2019-07-02,0.0024129999801516533,0.0024399999529123306,0.0023419999051839113,0.0024139999877661467,0.0024139999877661467,225233
2019-07-03,0.00241499999538064,0.002437999937683344,0.0023960000835359097,0.0024220000486820936,0.0024220000486820936,228648
2019-07-04,0.002423000056296587,0.0024349999148398638,0.002297000028192997,0.0023040000814944506,0.0023040000814944506,220012
2019-07-05,0.002303000073879957,0.0023399998899549246,0.0020240000449121,0.0020290000829845667,0.0020290000829845667,194386
2019-07-06,0.0020290000829845667,0.002059000078588724,0.002015999983996153,0.0020230000372976065,0.0020230000372976065,188504
2019-07-07,0.0020240000449121,0.0021089999936521053,0.0020179999992251396,0.002090000081807375,0.002090000081807375,195765
2019-07-08,0.002090000081807375,0.002114000031724572,0.0020389999262988567,0.00204299995675683,0.00204299995675683,196633
2019-07-09,0.00204299995675683,0.0020959998946636915,0.002032000105828047,0.002082000020891428,0.002082000020891428,198347
2019-07-10,0.0020810000132769346,0.002116000046953559,0.0020240000449121,0.002051000017672777,0.002051000017672777,170439
2019-07-11,0.002050000010058284,0.002102999947965145,0.0020409999415278435,0.0020550000481307507,0.0020550000481307507,158317
2019-07-12,0.002053000032901764,0.002107999986037612,0.0020459999796003103,0.0020759999752044678,0.0020759999752044678,161164
2019-07-13,0.002076999982818961,0.002107999986037612,0.0020520000252872705,0.002059000078588724,0.002059000078588724,191302
2019-07-14,0.0020580000709742308,0.0020989999175071716,0.0020469999872148037,0.002047999994829297,0.002047999994829297,196549
2019-07-15,0.0020520000252872705,0.0020830000285059214,0.0020359999034553766,0.0020719999447464943,0.0020719999447464943,194086
2019-07-16,0.0020729999523609877,0.0021039999555796385,0.002044999971985817,0.002061000093817711,0.002061000093817711,179202
2019-07-17,0.0020620001014322042,0.002102999947965145,0.002051000017672777,0.0020910000894218683,0.0020910000894218683,181335
2019-07-18,0.0020910000894218683,0.0020989999175071716,0.0020310000982135534,0.002087000058963895,0.002087000058963895,187862
2019-07-19,0.002087000058963895,0.002119000069797039,0.0020570000633597374,0.002073999959975481,0.002073999959975481,131513
2019-07-20,0.002073999959975481,0.002093000104650855,0.002053000032901764,0.0020810000132769346,0.0020810000132769346,205141
2019-07-21,0.0020810000132769346,0.002090000081807375,0.002059000078588724,0.0020719999447464943,0.0020719999447464943,171622
2019-07-22,0.0020719999447464943,0.0021039999555796385,0.0020540000405162573,0.0020749999675899744,0.0020749999675899744,205177
2019-07-23,0.0020749999675899744,0.0020890000741928816,0.002053000032901764,0.0020749999675899744,0.0020749999675899744,195782
2019-07-24,0.0020749999675899744,0.002085000043734908,0.0020119999535381794,0.0020349998958408833,0.0020349998958408833,180381
2019-07-25,0.00203699991106987,0.0021989999804645777,0.001988000003620982,0.002004999900236726,0.002004999900236726,176908
2019-07-26,0.002004999900236726,0.0021550001110881567,0.0018179999897256494,0.00184599997010082,0.00184599997010082,177293
2019-07-27,0.00184599997010082,0.0019180000526830554,0.001816999982111156,0.0018690000288188457,0.0018690000288188457,155526
2019-07-28,0.0018690000288188457,0.0018690000288188457,0.001800999976694584,0.001841000048443675,0.001841000048443675,142269
2019-07-29,0.0018390000332146883,0.0018720000516623259,0.0018240000354126096,0.0018550000386312604,0.0018550000386312604,116728
2019-07-30,0.0018550000386312604,0.001863999990746379,0.0017960000550374389,0.0018179999897256494,0.0018179999897256494,114073
2019-07-31,0.001816999982111156,0.001867000013589859,0.0017989999614655972,0.0018279999494552612,0.0018279999494552612,119724
2019-08-01,0.0018269999418407679,0.0018769999733194709,0.0018210000125691295,0.001867000013589859,0.001867000013589859,154752
2019-08-02,0.001867000013589859,0.0019480000482872128,0.0018599999602884054,0.001908999984152615,0.001908999984152615,131885
2019-08-03,0.001908999984152615,0.0019749999046325684,0.0018090000376105309,0.0018139999592676759,0.0018139999592676759,151305
2019-08-04,0.0018139999592676759,0.0018609999679028988,0.0016560000367462635,0.0016680000117048621,0.0016680000117048621,104064
2019-08-05,0.0016680000117048621,0.0018110000528395176,0.0016560000367462635,0.001803999999538064,0.001803999999538064,159689
2019-08-06,0.0018060000147670507,0.0018080000299960375,0.0016420000465586782,0.0016609999584034085,0.0016609999584034085,147966
2019-08-07,0.0016609999584034085,0.001766999950632453,0.0016540000215172768,0.0016599999507889152,0.0016599999507889152,140535
2019-08-08,0.0016599999507889152,0.001981999957934022,0.0016459999606013298,0.0017259999876841903,0.0017259999876841903,61081
2019-08-09,0.0017269999952986836,0.001762000028975308,0.0016580000519752502,0.0017130000051110983,0.0017130000051110983,154724
2019-08-10,0.0017130000051110983,0.001749000046402216,0.0016850000247359276,0.0017460000235587358,0.0017460000235587358,132023
2019-08-11,0.0017269999952986836,0.0017890000017359853,0.0016449999529868364,0.0017600000137463212,0.0017600000137463212,130789
2019-08-12,0.001766999950632453,0.0025029999669641256,0.0017559999832883477,0.0024580000899732113,0.0024580000899732113,187522
2019-08-13,0.0024500000290572643,0.0030640000477433205,0.0024480000138282776,0.0029750000685453415,0.0029750000685453415,233502
2019-08-14,0.002971000038087368,0.002991999965161085,0.001888000057078898,0.0020149999763816595,0.0020149999763816595,149436
2019-08-15,0.0020149999763816595,0.002073999959975481,0.001981999957934022,0.0020169999916106462,0.0020169999916106462,128585
2019-08-16,0.0020179999992251396,0.0020379999186843634,0.0019650000613182783,0.0019829999655485153,0.0019829999655485153,125950
2019-08-17,0.001981999957934022,0.0020540000405162573,0.0019310000352561474,0.0019990000873804092,0.0019990000873804092,138928
2019-08-18,0.001998000079765916,0.002050000010058284,0.0019000000320374966,0.0019130000146105886,0.0019130000146105886,159007
2019-08-19,0.001914000022225082,0.0019890000112354755,0.0018980000168085098,0.0019680000841617584,0.0019680000841617584,152887
2019-08-20,0.0019680000841617584,0.0020039998926222324,0.001964000053703785,0.001972000114619732,0.001972000114619732,84954
2019-08-21,0.0019710001070052385,0.002001000102609396,0.0017419999931007624,0.0018070000223815441,0.0018070000223815441,75211
2019-08-22,0.0017960000550374389,0.0018370000179857016,0.001661999966017902,0.0016680000117048621,0.0016680000117048621,103930
2019-08-23,0.0016680000117048621,0.0017160000279545784,0.0016639999812468886,0.0017089999746531248,0.0017089999746531248,108377
2019-08-24,0.0017079999670386314,0.0017170000355690718,0.0016580000519752502,0.0016749999485909939,0.0016749999485909939,109690
2019-08-25,0.0016749999485909939,0.0018230000277981162,0.0016580000519752502,0.001706999959424138,0.001706999959424138,166311
2019-08-26,0.0017040000529959798,0.0018119999440386891,0.0016589999431744218,0.0017330000409856439,0.0017330000409856439,109332
2019-08-27,0.0017379999626427889,0.001740999985486269,0.0016070000128820539,0.001623000018298626,0.001623000018298626,148011
2019-08-28,0.0016210000030696392,0.001702000037766993,0.001614999957382679,0.0016210000030696392,0.0016210000030696392,150453
2019-08-29,0.001623000018298626,0.001677999971434474,0.0016139999497681856,0.001677999971434474,0.001677999971434474,140873
2019-08-30,0.001677999971434474,0.0017040000529959798,0.0015869999770075083,0.0015960000455379486,0.0015960000455379486,96897
2019-08-31,0.0015950000379234552,0.001702000037766993,0.0015879999846220016,0.0016589999431744218,0.0016589999431744218,83665
2019-09-01,0.0016589999431744218,0.0016870000399649143,0.0015899999998509884,0.001664999988861382,0.001664999988861382,79592
2019-09-02,0.0016639999812468886,0.0017049999441951513,0.001601999974809587,0.0016700000269338489,0.0016700000269338489,97498
2019-09-03,0.0016700000269338489,0.0016799999866634607,0.001614999957382679,0.0016589999431744218,0.0016589999431744218,110590
2019-09-04,0.0016599999507889152,0.0016949999844655395,0.0016240000259131193,0.0016240000259131193,0.0016240000259131193,95205
2019-09-05,0.0016240000259131193,0.001636000000871718,0.001588999992236495,0.001617999980226159,0.001617999980226159,90250
2019-09-06,0.001617999980226159,0.0016710000345483422,0.001610000035725534,0.0016599999507889152,0.0016599999507889152,93229
2019-09-07,0.0016599999507889152,0.0016659999964758754,0.001630999962799251,0.0016589999431744218,0.0016589999431744218,95104
2019-09-08,0.0016540000215172768,0.0016740000573918223,0.0015950000379234552,0.0016009999671950936,0.0016009999671950936,91894
2019-09-09,0.0016009999671950936,0.0016329999780282378,0.0015829999465495348,0.001630999962799251,0.001630999962799251,105846
2019-09-10,0.001630999962799251,0.0016850000247359276,0.0016129999421536922,0.0016789999790489674,0.0016789999790489674,113769
2019-09-11,0.0016789999790489674,0.001765000051818788,0.0016700000269338489,0.0017559999832883477,0.0017559999832883477,51507
2019-09-12,0.0017559999832883477,0.0017630000365898013,0.001753999968059361,0.001756999990902841,0.001756999990902841,0
2019-09-13,0.001756999990902841,0.001756999990902841,0.001756999990902841,0.001756999990902841,0.001756999990902841,0
2019-09-14,0.001756999990902841,0.001756999990902841,0.0017040000529959798,0.001706999959424138,0.001706999959424138,111
2019-09-15,0.001706999959424138,0.0017810000572353601,0.0017040000529959798,0.001756999990902841,0.001756999990902841,27
2019-09-16,0.001756999990902841,0.0017709999810904264,0.0017059999518096447,0.001744000008329749,0.001744000008329749,25
2019-09-17,0.0017450000159442425,0.0017770000267773867,0.0017330000409856439,0.001766999950632453,0.001766999950632453,883
2019-09-18,0.0017689999658614397,0.002225999953225255,0.0017579999985173345,0.001787999994121492,0.001787999994121492,6001
2019-09-19,0.0017869999865069985,0.0018260000506415963,0.0017679999582469463,0.001782999956049025,0.001782999956049025,17585
2019-09-20,0.0017900000093504786,0.0018110000528395176,0.001769999973475933,0.001791000016964972,0.001791000016964972,11453
2019-09-21,0.0017920000245794654,0.0018400000408291817,0.001782999956049025,0.0018370000179857016,0.0018370000179857016,9013
2019-09-22,0.0018370000179857016,0.00184299994725734,0.001820000004954636,0.001841000048443675,0.001841000048443675,10086
2019-09-23,0.0018420000560581684,0.0018720000516623259,0.0018370000179857016,0.001851000008173287,0.001851000008173287,9955
2019-09-24,0.001851000008173287,0.0019570000004023314,0.001832999987527728,0.001854000031016767,0.001854000031016767,7115
2019-09-25,0.0018520000157877803,0.0018619999755173922,0.001800999976694584,0.0018269999418407679,0.0018269999418407679,3479
2019-09-26,0.0018269999418407679,0.0018609999679028988,0.0017999999690800905,0.0018370000179857016,0.0018370000179857016,6873
2019-09-27,0.0018360000103712082,0.0018439999548718333,0.0018179999897256494,0.0018420000560581684,0.0018420000560581684,7225
2019-09-28,0.001841000048443675,0.0018439999548718333,0.0018070000223815441,0.0018159999744966626,0.0018159999744966626,2002
2019-09-29,0.0018159999744966626,0.0018439999548718333,0.0018129999516531825,0.001829999964684248,0.001829999964684248,532
2019-09-30,0.001829999964684248,0.0018690000288188457,0.0018129999516531825,0.001854000031016767,0.001854000031016767,870
2019-10-01,0.001851000008173287,0.0018870000494644046,0.0018080000299960375,0.0018680000212043524,0.0018680000212043524,795
2019-10-02,0.0018680000212043524,0.0019570000004023314,0.0018629999831318855,0.0019470000406727195,0.0019470000406727195,749
2019-10-03,0.0019490000559017062,0.0019650000613182783,0.0019330000504851341,0.001955999992787838,0.001955999992787838,1357
2019-10-04,0.001955999992787838,0.0019729998894035816,0.0019440000178292394,0.0019580000080168247,0.0019580000080168247,991
2019-10-05,0.0019580000080168247,0.0019839999731630087,0.0019509999547153711,0.0019580000080168247,0.0019580000080168247,1185
2019-10-06,0.0019580000080168247,0.002002999885007739,0.0019030000548809767,0.0019399999873712659,0.0019399999873712659,1010
2019-10-07,0.0019359999569132924,0.001981999957934022,0.0019030000548809767,0.0019779999274760485,0.0019779999274760485,1160
2019-10-08,0.001976999919861555,0.0019779999274760485,0.0019529999699443579,0.001973999897018075,0.001973999897018075,1002
2019-10-09,0.001973999897018075,0.001984999980777502,0.0019509999547153711,0.0019829999655485153,0.0019829999655485153,962
2019-10-10,0.001981999957934022,0.0030139998998492956,0.0019480000482872128,0.003010000102221966,0.003010000102221966,167141
2019-10-11,0.0030090000946074724,0.003056999994441867,0.002983999904245138,0.003037000074982643,0.003037000074982643,169974
2019-10-12,0.0030380000825971365,0.00304899993352592,0.0012499999720603228,0.0012499999720603228,0.0012499999720603228,0
2019-10-13,0.0012489999644458294,0.0012710000155493617,0.0012400000123307109,0.0012420000275596976,0.0012420000275596976,0
2019-10-14,0.0012420000275596976,0.0012420000275596976,0.0012420000275596976,0.0012420000275596976,0.0012420000275596976,0
2019-10-15,0.0012420000275596976,0.0012420000275596976,0.0012420000275596976,0.0012420000275596976,0.0012420000275596976,0
2019-10-16,0.0012420000275596976,0.0012420000275596976,0.0012420000275596976,0.0012420000275596976,0.0012420000275596976,0
2019-10-17,0.0012420000275596976,0.0012420000275596976,0.0012420000275596976,0.0012420000275596976,0.0012420000275596976,0
2019-10-18,0.0012420000275596976,0.0020349998958408833,0.0010359999723732471,0.00203300011344254,0.00203300011344254,1594
2019-10-19,0.00203399988822639,0.0020409999415278435,0.001961000030860305,0.001981999957934022,0.001981999957934022,1719
2019-10-20,0.001976999919861555,0.002065999899059534,0.001955999992787838,0.002053000032901764,0.002053000032901764,1906
2019-10-21,0.0020520000252872705,0.0021059999708086252,0.0020310000982135534,0.002085000043734908,0.002085000043734908,1738
2019-10-22,0.0020940001122653484,0.0021269998978823423,0.0010710000060498714,0.0011579999700188637,0.0011579999700188637,774
2019-10-23,0.0011579999700188637,0.001285000005736947,0.0007110000005923212,0.0012659999774768949,0.0012659999774768949,725
2019-10-24,0.0012659999774768949,0.0012929999502375722,0.0007699999841861427,0.0008140000281855464,0.0008140000281855464,480
2019-10-25,0.0008140000281855464,0.0008239999879151583,0.0006549999816343188,0.0007450000266544521,0.0007450000266544521,436
2019-10-26,0.0007450000266544521,0.0008759999764151871,0.0007169999880716205,0.0008350000134669244,0.0008350000134669244,448
2019-10-27,0.0008350000134669244,0.0009210000280290842,0.0007750000222586095,0.0009190000128000975,0.0009190000128000975,531
2019-10-28,0.0009190000128000975,0.0014400000218302011,0.0008420000085607171,0.0014309999532997608,0.0014309999532997608,711
2019-10-29,0.0014319999609142542,0.0014420000370591879,0.0012039999710395932,0.0013150000013411045,0.0013150000013411045,746
2019-10-30,0.0013160000089555979,0.0013210000470280647,0.0012100000167265534,0.0012260000221431255,0.0012260000221431255,238
2019-10-31,0.0012260000221431255,0.0013780000153928995,0.0012069999938830733,0.001357999979518354,0.001357999979518354,277
2019-11-01,0.0013699999544769526,0.0014070000033825636,0.0013129999861121178,0.001398000051267445,0.001398000051267445,256
2019-11-02,0.001398000051267445,0.0014140000566840172,0.0013020000187680125,0.0013360000448301435,0.0013360000448301435,313
2019-11-03,0.0013460000045597553,0.0014009999576956034,0.0012550000101327896,0.0012860000133514404,0.0012860000133514404,298
2019-11-04,0.0012669999850913882,0.001322000054642558,0.0011480000102892518,0.0011549999471753836,0.0011549999471753836,290
2019-11-05,0.0011549999471753836,0.0012309999438002706,0.001151000033132732,0.0011879999656230211,0.0011879999656230211,286
2019-11-06,0.001180000021122396,0.0012029999634250998,0.0009190000128000975,0.0009539999882690609,0.0009539999882690609,227
2019-11-07,0.0009449999779462814,0.0010420000180602074,0.0006639999919570982,0.0006639999919570982,0.0006639999919570982,98
2019-11-08,0.0006329999887384474,0.0006380000268109143,0.000539999979082495,0.0005489999894052744,0.0005489999894052744,414
2019-11-09,0.0005549999768845737,0.0005890000029467046,0.0005499999970197678,0.0005590000073425472,0.0005590000073425472,402
2019-11-10,0.0005750000127591193,0.0006230000290088356,0.0005510000046342611,0.0006009999779053032,0.0006009999779053032,400
2019-11-11,0.0006009999779053032,0.000615999975707382,0.0005230000242590904,0.0005530000198632479,0.0005530000198632479,376
2019-11-12,0.0005380000220611691,0.0005970000056549907,0.0005290000117383897,0.0005859999801032245,0.0005859999801032245,369
2019-11-13,0.0005649999948218465,0.0005920000257901847,0.0005080000264570117,0.0005319999763742089,0.0005319999763742089,276
2019-11-14,0.0005339999916031957,0.000610999995842576,0.0005119999987073243,0.0006019999855197966,0.0006019999855197966,378
2019-11-15,0.0006019999855197966,0.0006099999882280827,0.0005510000046342611,0.000577000027988106,0.000577000027988106,424
2019-11-16,0.0005879999953322113,0.0006130000110715628,0.0005680000176653266,0.0006089999806135893,0.0006089999806135893,383
2019-11-17,0.0006089999806135893,0.0006280000088736415,0.0005699999746866524,0.0006050000083632767,0.0006050000083632767,362
2019-11-18,0.0006070000235922635,0.0006179999909363687,0.0005779999773949385,0.0005990000208839774,0.0005990000208839774,356
2019-11-19,0.0005990000208839774,0.0006350000039674342,0.0005879999953322113,0.0006150000263005495,0.0006150000263005495,304
2019-11-20,0.0006150000263005495,0.0006290000164881349,0.0005810000002384186,0.0006009999779053032,0.0006009999779053032,176
2019-11-21,0.0005970000056549907,0.0006300000241026282,0.0005779999773949385,0.0005830000154674053,0.0005830000154674053,186
2019-11-22,0.0005830000154674053,0.0006050000083632767,0.0005719999899156392,0.0005879999953322113,0.0005879999953322113,390
2019-11-23,0.0005849999724887311,0.0008619999862276018,0.0005779999773949385,0.0008430000161752105,0.0008430000161752105,456
2019-11-24,0.0008539999835193157,0.0008619999862276018,0.000805000017862767,0.0008280000183731318,0.0008280000183731318,251
2019-11-25,0.0008239999879151583,0.0010969999711960554,0.0007869999972172081,0.0008060000254772604,0.0008060000254772604,368
2019-11-26,0.0007949999999254942,0.0010079999919980764,0.0007849999819882214,0.0009759999811649323,0.0009759999811649323,438
2019-11-27,0.0009800000116229057,0.0012610000558197498,0.0009629999985918403,0.0012329999590292573,0.0012329999590292573,724
2019-11-28,0.0012240000069141388,0.0012860000133514404,0.00120900000911206,0.0012649999698624015,0.0012649999698624015,742
2019-11-29,0.001259000040590763,0.005016000010073185,0.0009490000084042549,0.0012570000253617764,0.0012570000253617764,886
2019-11-30,0.0012570000253617764,0.0012799999676644802,0.0009079999872483313,0.0010920000495389104,0.0010920000495389104,393
2019-12-01,0.0010779999429360032,0.0010890000266954303,0.00036700000055134296,0.0010430000256747007,0.0010430000256747007,137
2019-12-02,0.0010400000028312206,0.0010659999679774046,0.000893999997060746,0.0010610000463202596,0.0010610000463202596,134
2019-12-03,0.001062000053934753,0.0010659999679774046,0.0005619999719783664,0.0007590000168420374,0.0007590000168420374,97
2019-12-04,0.0007590000168420374,0.0008329999982379377,0.0007409999961964786,0.0008249999955296516,0.0008249999955296516,245
2019-12-05,0.0008249999955296516,0.0009089999948628247,0.0008110000053420663,0.0008319999906234443,0.0008319999906234443,79
2019-12-06,0.0008379999781027436,0.0008950000046752393,0.0004710000066552311,0.0008290000259876251,0.0008290000259876251,85
2019-12-07,0.0008299999753944576,0.0008520000264979899,0.0008099999977275729,0.0008360000210814178,0.0008360000210814178,5
2019-12-08,0.0008360000210814178,0.0008410000009462237,0.0008319999906234443,0.0008329999982379377,0.0008329999982379377,0
2019-12-09,0.0008329999982379377,0.000838999985717237,0.0005179999861866236,0.0008329999982379377,0.0008329999982379377,1268
2019-12-10,0.0005179999861866236,0.0008340000058524311,0.0005070000188425183,0.0005089999758638442,0.0005089999758638442,0
2019-12-11,0.0005089999758638442,0.0005089999758638442,0.0005029999883845448,0.0005050000036135316,0.0005050000036135316,0
2019-12-12,0.0005050000036135316,0.0005099999834783375,0.0005009999731555581,0.000506000011228025,0.000506000011228025,0
2019-12-13,0.000506000011228025,0.0005099999834783375,0.000291000003926456,0.00036299999919719994,0.00036299999919719994,3
2019-12-14,0.00036299999919719994,0.00036299999919719994,0.0002840000088326633,0.0002849999873433262,0.0002849999873433262,10
2019-12-15,0.0002849999873433262,0.00028700000257231295,0.00028199999360367656,0.0002859999949578196,0.0002859999949578196,0
2019-12-16,0.0002859999949578196,0.0002859999949578196,0.00013800000306218863,0.00020799999765586108,0.00020799999765586108,176
2019-12-17,0.00020799999765586108,0.00041099998634308577,0.00013600000238511711,0.0002640000020619482,0.0002640000020619482,447
2019-12-18,0.0002640000020619482,0.0004830000107176602,0.0002640000020619482,0.0003650000144261867,0.0003650000144261867,4
2019-12-19,0.0003650000144261867,0.00036800000816583633,0.00035200000274926424,0.00036100001307204366,0.00036100001307204366,0
2019-12-20,0.00036100001307204366,0.00036100001307204366,0.00035799999022856355,0.0003589999978430569,0.0003589999978430569,0
2019-12-21,0.0003589999978430569,0.0003589999978430569,0.0003589999978430569,0.0003589999978430569,0.0003589999978430569,0
2019-12-22,0.0003589999978430569,0.0003589999978430569,0.0003589999978430569,0.0003589999978430569,0.0003589999978430569,0
2019-12-23,0.0003589999978430569,0.0003589999978430569,0.0003589999978430569,0.0003589999978430569,0.0003589999978430569,0
2019-12-24,0.0003589999978430569,0.0003589999978430569,0.0003589999978430569,0.0003589999978430569,0.0003589999978430569,0
2019-12-25,0.0003589999978430569,0.0003589999978430569,0.0003589999978430569,0.0003589999978430569,0.0003589999978430569,0
2019-12-26,0.0003589999978430569,0.0003589999978430569,0.0003589999978430569,0.0003589999978430569,0.0003589999978430569,0
2019-12-27,0.0003589999978430569,0.0003589999978430569,0.0003589999978430569,0.0003589999978430569,0.0003589999978430569,0
2019-12-28,0.0003589999978430569,0.0003589999978430569,0.0003589999978430569,0.0003589999978430569,0.0003589999978430569,0
2019-12-29,0.0003589999978430569,0.0003589999978430569,0.0003589999978430569,0.0003589999978430569,0.0003589999978430569,0
2019-12-30,0.0003589999978430569,0.0003589999978430569,0.0003589999978430569,0.0003589999978430569,0.0003589999978430569,0
2019-12-31,0.0003589999978430569,0.0003589999978430569,0.0003589999978430569,0.0003589999978430569,0.0003589999978430569,0
2020-01-01,0.0003589999978430569,0.0003589999978430569,0.0003589999978430569,0.0003589999978430569,0.0003589999978430569,0
2020-01-02,0.0003589999978430569,0.0003589999978430569,0.0003589999978430569,0.0003589999978430569,0.0003589999978430569,0
2020-01-03,0.0003589999978430569,0.0003589999978430569,0.0003589999978430569,0.0003589999978430569,0.0003589999978430569,0
2020-01-04,0.0003589999978430569,0.0003589999978430569,0.0003589999978430569,0.0003589999978430569,0.0003589999978430569,0
2020-01-05,0.0003589999978430569,0.0003589999978430569,0.0003589999978430569,0.0003589999978430569,0.0003589999978430569,0
2020-01-06,0.0003589999978430569,0.0003589999978430569,0.0003589999978430569,0.0003589999978430569,0.0003589999978430569,0
2020-01-07,0.0003589999978430569,0.0003589999978430569,0.0003589999978430569,0.0003589999978430569,0.0003589999978430569,0
2020-01-08,0.0003589999978430569,0.0003589999978430569,0.0003589999978430569,0.0003589999978430569,0.0003589999978430569,0
2020-03-23,0.0003589999978430569,0.0011220000451430678,0.0003589999978430569,0.0010989999864250422,0.0010989999864250422,806184
2020-03-24,0.0011020000092685223,0.0011399999493733048,0.0010860000038519502,0.0011269999668002129,0.0011269999668002129,628722
2020-03-25,0.0011180000146850944,0.0011409999569877982,0.0010979999788105488,0.001120000029914081,0.001120000029914081,941960
2020-03-26,0.001120000029914081,0.0011709999525919557,0.0011020000092685223,0.0011620000004768372,0.0011620000004768372,397474
2020-03-27,0.0011620000004768372,0.0011990000493824482,0.0011419999646022916,0.0011869999580085278,0.0011869999580085278,212459
2020-03-28,0.001196000026538968,0.001196000026538968,0.0011709999525919557,0.0011790000135079026,0.0011790000135079026,54130
2020-03-29,0.0011790000135079026,0.0011790000135079026,0.0011709999525919557,0.0011790000135079026,0.0011790000135079026,28457
2020-03-30,0.0011709999525919557,0.0014459999511018395,0.0011579999700188637,0.0014380000066012144,0.0014380000066012144,3216321
2020-03-31,0.0014380000066012144,0.0020989999175071716,0.0014309999532997608,0.002053000032901764,0.002053000032901764,4987224
2020-04-01,0.002053000032901764,0.0020600000862032175,0.001879999996162951,0.0019580000080168247,0.0019580000080168247,3005604
2020-04-02,0.0019580000080168247,0.0021720000077039003,0.0017689999658614397,0.002093000104650855,0.002093000104650855,3357932
2020-04-03,0.002093000104650855,0.002177000045776367,0.0020200000144541264,0.0020379999186843634,0.0020379999186843634,3796222
2020-04-04,0.0020379999186843634,0.0020940001122653484,0.002004999900236726,0.0020379999186843634,0.0020379999186843634,3321638
2020-04-05,0.0020290000829845667,0.0021180000621825457,0.0018840000266209245,0.0018919999711215496,0.0018919999711215496,3163013
2020-04-06,0.0018919999711215496,0.0021979999728500843,0.0016870000399649143,0.0019519999623298645,0.0019519999623298645,3541486
2020-04-07,0.0019519999623298645,0.0020260000601410866,0.0018230000277981162,0.0019749999046325684,0.0019749999046325684,4047657
2020-04-08,0.0019749999046325684,0.0020099999383091927,0.0019280000124126673,0.0019580000080168247,0.0019580000080168247,2824423
2020-04-09,0.0019580000080168247,0.0019749999046325684,0.0018570000538602471,0.0019249999895691872,0.0019249999895691872,3542404
2020-04-10,0.001917000045068562,0.0019359999569132924,0.00165200000628829,0.0018149999668821692,0.0018149999668821692,1637587
2020-04-11,0.0018149999668821692,0.0018479999853298068,0.0014019999653100967,0.0016499999910593033,0.0016499999910593033,16016
2020-04-12,0.0016499999910593033,0.0016499999910593033,0.0012369999894872308,0.001576000009663403,0.001576000009663403,5355
2020-04-13,0.001576000009663403,0.0015770000172778964,0.0013800000306218863,0.0015150000108405948,0.0015150000108405948,100761
2020-04-14,0.0015150000108405948,0.0015439999988302588,0.0013409999664872885,0.0015180000336840749,0.0015180000336840749,20080
2020-04-15,0.0015180000336840749,0.0015200000489130616,0.0013549999566748738,0.0014220000011846423,0.0014220000011846423,74702
2020-04-16,0.001420999993570149,0.0015670000575482845,0.0014169999631121755,0.0014659999869763851,0.0014659999869763851,175186
2020-04-17,0.0014659999869763851,0.0014949999749660492,0.0013549999566748738,0.0014220000011846423,0.0014220000011846423,347671
2020-04-18,0.0014220000011846423,0.0014309999532997608,0.001348000019788742,0.0013569999719038606,0.0013569999719038606,256816
2020-04-19,0.0013569999719038606,0.0014220000011846423,0.0013070000568404794,0.001339999958872795,0.001339999958872795,327698
2020-04-20,0.001339999958872795,0.0013460000045597553,0.0011409999569877982,0.001196000026538968,0.001196000026538968,319854
2020-04-21,0.0011970000341534615,0.001348000019788742,0.0011220000451430678,0.0012420000275596976,0.0012420000275596976,512638
2020-04-22,0.0012420000275596976,0.0012420000275596976,0.0011480000102892518,0.001193000003695488,0.001193000003695488,948094
2020-04-23,0.001193000003695488,0.0013010000111535192,0.0011869999580085278,0.0012489999644458294,0.0012489999644458294,742892
2020-04-24,0.0012489999644458294,0.0013760000001639128,0.0012209999840706587,0.0013569999719038606,0.0013569999719038606,1437180
2020-04-25,0.0013569999719038606,0.0013810000382363796,0.0012679999927058816,0.0013569999719038606,0.0013569999719038606,1040987
2020-04-26,0.0013569999719038606,0.0013650000328198075,0.0012110000243410468,0.001243000035174191,0.001243000035174191,533357
2020-04-27,0.001243000035174191,0.0013119999784976244,0.001218999968841672,0.0012280000373721123,0.0012280000373721123,1215258
2020-04-28,0.0012280000373721123,0.0012789999600499868,0.0012229999992996454,0.001269000000320375,0.001269000000320375,529432
2020-04-29,0.001269000000320375,0.0014090000186115503,0.0012639999622479081,0.0013620000099763274,0.0013620000099763274,2003482
2020-04-30,0.0013620000099763274,0.0015409999759867787,0.0013249999610707164,0.0015399999683722854,0.0015399999683722854,2936019
2020-05-01,0.0015399999683722854,0.00165200000628829,0.0013119999784976244,0.001436999998986721,0.001436999998986721,1882317
2020-05-02,0.001436999998986721,0.001436999998986721,0.001281999982893467,0.0013630000175908208,0.0013630000175908208,1173380
2020-05-03,0.0013630000175908208,0.0013960000360384583,0.0012329999590292573,0.0013549999566748738,0.0013549999566748738,1825411
2020-05-04,0.0013549999566748738,0.0013549999566748738,0.0012410000199452043,0.0013160000089555979,0.0013160000089555979,1567483
2020-05-05,0.0013160000089555979,0.0013520000502467155,0.0012049999786540866,0.001285000005736947,0.001285000005736947,1635131
2020-05-06,0.001285000005736947,0.001285000005736947,0.0012240000069141388,0.0012529999949038029,0.0012529999949038029,613753
2020-05-07,0.0012529999949038029,0.0013160000089555979,0.00120599998626858,0.0012659999774768949,0.0012659999774768949,1725725
2020-05-08,0.0012659999774768949,0.0013200000394135714,0.001234999974258244,0.0012740000383928418,0.0012740000383928418,203111
2020-05-09,0.0012740000383928418,0.001294999965466559,0.0012130000395700336,0.0012779999524354935,0.0012779999524354935,678914
2020-05-10,0.0012779999524354935,0.0012779999524354935,0.001196000026538968,0.0012100000167265534,0.0012100000167265534,2142098
2020-05-11,0.0012110000243410468,0.001551999943330884,0.0011419999646022916,0.0014270000392571092,0.0014270000392571092,1985731
2020-05-12,0.0014270000392571092,0.001554999966174364,0.0014220000011846423,0.0014669999945908785,0.0014669999945908785,2008099
2020-05-13,0.0014669999945908785,0.0015300000086426735,0.0014359999913722277,0.0015069999499246478,0.0015069999499246478,1975122
2020-05-14,0.0015069999499246478,0.0015699999639764428,0.0014540000120177865,0.0015559999737888575,0.0015559999737888575,1923221
2020-05-15,0.0015559999737888575,0.0021699999924749136,0.0015360000543296337,0.0017239999724552035,0.0017239999724552035,1972857
2020-05-16,0.0017239999724552035,0.0018980000168085098,0.0016299999551847577,0.0017049999441951513,0.0017049999441951513,1816872
2020-05-17,0.0017049999441951513,0.0021490000654011965,0.0017010000301524997,0.0017170000355690718,0.0017170000355690718,1950179
2020-05-18,0.0017170000355690718,0.0018990000244230032,0.0016680000117048621,0.0017559999832883477,0.0017559999832883477,1897859
2020-05-19,0.0017559999832883477,0.0017989999614655972,0.0015610000118613243,0.0016899999463930726,0.0016899999463930726,1789122
2020-05-20,0.0016899999463930726,0.0017049999441951513,0.0015910000074654818,0.0016319999704137444,0.0016319999704137444,1766551
2020-05-21,0.0016319999704137444,0.0016540000215172768,0.0014509999891743064,0.001462999964132905,0.001462999964132905,1579096
2020-05-22,0.001462999964132905,0.0015589999966323376,0.001462999964132905,0.0015350000467151403,0.0015350000467151403,1195516
2020-05-23,0.0015350000467151403,0.0015610000118613243,0.0014509999891743064,0.0015360000543296337,0.0015360000543296337,1195115
2020-05-24,0.0015360000543296337,0.001538999960757792,0.001411000033840537,0.0014799999771639705,0.0014799999771639705,1128806
2020-05-25,0.0014799999771639705,0.0015379999531432986,0.001449999981559813,0.001500000013038516,0.001500000013038516,1301085
2020-05-26,0.001500000013038516,0.0024309998843818903,0.0014959999825805426,0.0018220000201836228,0.0018220000201836228,4361422
2020-05-27,0.0018220000201836228,0.0021150000393390656,0.0017859999788925052,0.0018479999853298068,0.0018479999853298068,1083996
2020-05-28,0.0018479999853298068,0.0018739999504759908,0.0016720000421628356,0.0018019999843090773,0.0018019999843090773,2007518
2020-05-29,0.0018019999843090773,0.001918999943882227,0.0017930000321939588,0.001851000008173287,0.001851000008173287,2136227
2020-05-30,0.001851000008173287,0.0020260000601410866,0.0016830000095069408,0.001984999980777502,0.001984999980777502,2224043
2020-05-31,0.001984999980777502,0.0020600000862032175,0.001905999961309135,0.0020550000481307507,0.0020550000481307507,2204141
2020-06-01,0.0020550000481307507,0.002148000057786703,0.0018820000113919377,0.0020940001122653484,0.0020940001122653484,1572380
2020-06-02,0.0020890000741928816,0.0027550000231713057,0.002082000020891428,0.002319999970495701,0.002319999970495701,2484567
2020-06-03,0.002319999970495701,0.002498999936506152,0.0021460000425577164,0.0023250000085681677,0.0023250000085681677,2214937
2020-06-04,0.0023250000085681677,0.002372999908402562,0.0020570000633597374,0.0023620000574737787,0.0023620000574737787,3201702
2020-06-05,0.0023620000574737787,0.0024590000975877047,0.002222999930381775,0.002329000039026141,0.002329000039026141,2844650
2020-06-06,0.002329000039026141,0.0024210000410676003,0.0023240000009536743,0.002343999920412898,0.002343999920412898,2476316
2020-06-07,0.002343999920412898,0.00241499999538064,0.0022670000325888395,0.002363000065088272,0.002363000065088272,2984601
2020-06-08,0.002363000065088272,0.002509000012651086,0.002302000066265464,0.0024870000779628754,0.0024870000779628754,3604645
2020-06-09,0.0024870000779628754,0.0024870000779628754,0.002076999982818961,0.002234000014141202,0.002234000014141202,3539302
2020-06-10,0.002234000014141202,0.0022720000706613064,0.0021059999708086252,0.0022509999107569456,0.0022509999107569456,2858802
2020-06-11,0.0022499999031424522,0.0024969999212771654,0.002032000105828047,0.0020379999186843634,0.0020379999186843634,2864034
2020-06-12,0.00203699991106987,0.0021589999087154865,0.0019249999895691872,0.0020669999066740274,0.0020669999066740274,2822714
2020-06-13,0.0020669999066740274,0.0021609999239444733,0.0019940000493079424,0.002019000006839633,0.002019000006839633,3086353
2020-06-14,0.002019000006839633,0.002116000046953559,0.002010999945923686,0.0020669999066740274,0.0020669999066740274,3270614
2020-06-15,0.0020669999066740274,0.0023189999628812075,0.0020290000829845667,0.0022150001022964716,0.0022150001022964716,3328935
2020-06-16,0.0022169998846948147,0.002265000017359853,0.0021510000806301832,0.0021830000914633274,0.0021830000914633274,3478943
2020-06-17,0.0021830000914633274,0.0022559999488294125,0.0021510000806301832,0.0021589999087154865,0.0021589999087154865,2224385
2020-06-18,0.0021589999087154865,0.0021860001143068075,0.002070999937132001,0.0021460000425577164,0.0021460000425577164,1274662
2020-06-19,0.0021460000425577164,0.0022070000413805246,0.0020959998946636915,0.0021800000686198473,0.0021800000686198473,1423572
2020-06-20,0.0021800000686198473,0.0021830000914633274,0.002061000093817711,0.0021440000273287296,0.0021440000273287296,1198333
2020-06-21,0.0021440000273287296,0.0021440000273287296,0.0020940001122653484,0.002124000107869506,0.002124000107869506,1494179
2020-06-22,0.002124000107869506,0.0023169999476522207,0.002056000055745244,0.0022140000946819782,0.0022140000946819782,1438959
2020-06-23,0.0022140000946819782,0.002234000014141202,0.0021540001034736633,0.0021869998890906572,0.0021869998890906572,1706659
2020-06-24,0.0021830000914633274,0.0021909999195486307,0.0020979999098926783,0.002177000045776367,0.002177000045776367,1611973
2020-06-25,0.0021720000077039003,0.0021780000533908606,0.0020409999415278435,0.002131999935954809,0.002131999935954809,1510026
2020-06-26,0.002125999890267849,0.0021520000882446766,0.002070999937132001,0.0021009999327361584,0.0021009999327361584,1450715
2020-06-27,0.0021009999327361584,0.0021009999327361584,0.002002999885007739,0.002019000006839633,0.002019000006839633,1428129
2020-06-28,0.002019000006839633,0.0020200000144541264,0.001829999964684248,0.0019359999569132924,0.0019359999569132924,1309156
2020-06-29,0.0019359999569132924,0.0019490000559017062,0.0018360000103712082,0.001879999996162951,0.001879999996162951,1566517
2020-06-30,0.001879999996162951,0.0019130000146105886,0.0018139999592676759,0.0018619999755173922,0.0018619999755173922,1309998
2020-07-01,0.0018619999755173922,0.001918999943882227,0.001858999952673912,0.0018919999711215496,0.0018919999711215496,1341204
2020-07-02,0.0018919999711215496,0.0018990000244230032,0.0018489999929443002,0.001854000031016767,0.001854000031016767,1326465
2020-07-03,0.001854000031016767,0.001979999942705035,0.0018189999973401427,0.001908999984152615,0.001908999984152615,1389510
2020-07-04,0.001908999984152615,0.0019109999993816018,0.0017979999538511038,0.0018159999744966626,0.0018159999744966626,1188696
2020-07-05,0.0018159999744966626,0.0018319999799132347,0.0017519999528303742,0.0017549999756738544,0.0017549999756738544,973083
2020-07-06,0.0017549999756738544,0.0017760000191628933,0.001693999976851046,0.0017340000486001372,0.0017340000486001372,1250358
2020-07-07,0.0017340000486001372,0.0018629999831318855,0.0017030000453814864,0.001851000008173287,0.001851000008173287,1109990
2020-07-08,0.001851000008173287,0.0020759999752044678,0.0016690000193193555,0.0018279999494552612,0.0018279999494552612,1210798
2020-07-09,0.0018279999494552612,0.0018789999885484576,0.0017610000213608146,0.0018500000005587935,0.0018500000005587935,1189591
2020-07-10,0.0018500000005587935,0.0018500000005587935,0.0017399999778717756,0.0017960000550374389,0.0017960000550374389,1175637
2020-07-11,0.0017960000550374389,0.001800999976694584,0.001787999994121492,0.0017930000321939588,0.0017930000321939588,1382926
2020-07-12,0.0017930000321939588,0.001858999952673912,0.0017519999528303742,0.0018119999440386891,0.0018119999440386891,1380159
2020-07-13,0.0018119999440386891,0.0018119999440386891,0.001740999985486269,0.001765000051818788,0.001765000051818788,1152193
2020-07-14,0.001765000051818788,0.0017719999887049198,0.0016609999584034085,0.0016880000475794077,0.0016880000475794077,1282032
2020-07-15,0.0016880000475794077,0.0017130000051110983,0.0016629999736323953,0.0017040000529959798,0.0017040000529959798,1101953
2020-07-16,0.0017040000529959798,0.0017180000431835651,0.0016589999431744218,0.001711999997496605,0.001711999997496605,1241519
2020-07-17,0.0017109999898821115,0.0017130000051110983,0.0016580000519752502,0.001702000037766993,0.001702000037766993,1074969
2020-07-18,0.001702000037766993,0.0017130000051110983,0.0017000000225380063,0.0017109999898821115,0.0017109999898821115,1190119
2020-07-19,0.0017109999898821115,0.0017160000279545784,0.0016659999964758754,0.0017130000051110983,0.0017130000051110983,1211238
2020-07-20,0.0017130000051110983,0.0017310000257566571,0.0017079999670386314,0.0017229999648407102,0.0017229999648407102,1246745
2020-07-21,0.0017229999648407102,0.0017290000105276704,0.0016469999682158232,0.00165200000628829,0.00165200000628829,1320219
2020-07-22,0.00165200000628829,0.0016550000291317701,0.0015109999803826213,0.0016139999497681856,0.0016139999497681856,1056504
2020-07-23,0.0016139999497681856,0.0019229999743402004,0.0015899999998509884,0.0017659999430179596,0.0017659999430179596,1165472
2020-07-24,0.0017659999430179596,0.00184299994725734,0.0015999999595806003,0.001724999980069697,0.001724999980069697,1272553
2020-07-25,0.0017630000365898013,0.0017729999963194132,0.0016120000509545207,0.0017519999528303742,0.0017519999528303742,1239830
2020-07-26,0.0017519999528303742,0.001769999973475933,0.001610000035725534,0.0016449999529868364,0.0016449999529868364,1161357
2020-07-27,0.0016449999529868364,0.0020729999523609877,0.0016410000389441848,0.0019529999699443579,0.0019529999699443579,706553
2020-07-28,0.0019539999775588512,0.0025140000507235527,0.0019229999743402004,0.002369999885559082,0.002369999885559082,1463220
2020-07-29,0.0023360000923275948,0.0031010000966489315,0.0023250000085681677,0.0029720000457018614,0.0029720000457018614,2450541
2020-07-30,0.0029720000457018614,0.003346000099554658,0.002827000105753541,0.003317000111564994,0.003317000111564994,2846142
2020-07-31,0.003317000111564994,0.003696999978274107,0.0032659999560564756,0.0036239998880773783,0.0036239998880773783,2993177
2020-08-01,0.0036239998880773783,0.0037670000456273556,0.0029100000392645597,0.003625999903306365,0.003625999903306365,2712560
2020-08-02,0.003585000056773424,0.0037670000456273556,0.003232999937608838,0.0037479999009519815,0.0037479999009519815,2605309
2020-08-03,0.0037479999009519815,0.00394000019878149,0.0033919999841600657,0.0038950000889599323,0.0038950000889599323,3060179
2020-08-04,0.0038950000889599323,0.0039090001955628395,0.00343300006352365,0.003659999929368496,0.003659999929368496,2845724
2020-08-05,0.0036319999489933252,0.005293000023812056,0.003533999901264906,0.005166999995708466,0.005166999995708466,4321024
2020-08-06,0.005166999995708466,0.007602999918162823,0.005162999965250492,0.006122000049799681,0.006122000049799681,5033447
2020-08-07,0.006122000049799681,0.006283000111579895,0.0051739998161792755,0.005361999850720167,0.005361999850720167,4340144
2020-08-08,0.005363000091165304,0.00559900002554059,0.00520800007507205,0.005481999833136797,0.005481999833136797,4392596
2020-08-09,0.00546600017696619,0.005601000040769577,0.005311000160872936,0.005495000164955854,0.005495000164955854,3150573
2020-08-10,0.005510000046342611,0.0055669997818768024,0.005061999894678593,0.0051750000566244125,0.0051750000566244125,3981087
2020-08-11,0.0051750000566244125,0.00520200002938509,0.004441000055521727,0.004488000180572271,0.004488000180572271,3339750
2020-08-12,0.0044999998062849045,0.004511999897658825,0.003481999970972538,0.004182000178843737,0.004182000178843737,3130651
2020-08-13,0.004157999996095896,0.004358000122010708,0.003920000046491623,0.004261999856680632,0.004261999856680632,1149292
2020-08-14,0.004294999875128269,0.004337000194936991,0.004139000084251165,0.004139999859035015,0.004139999859035015,514051
2020-08-15,0.004139999859035015,0.0052559999749064445,0.004139999859035015,0.005109999794512987,0.005109999794512987,913503
2020-08-16,0.005109999794512987,0.005241999868303537,0.004594000056385994,0.004741999786347151,0.004741999786347151,736278
2020-08-17,0.004741999786347151,0.0050039999186992645,0.004567000083625317,0.004774000030010939,0.004774000030010939,711279
2020-08-18,0.00481799989938736,0.004879999905824661,0.004282999783754349,0.0046190000139176846,0.0046190000139176846,609883
2020-08-19,0.0046190000139176846,0.004972000140696764,0.0043020001612603664,0.004397999960929155,0.004397999960929155,513670
2020-08-20,0.004397999960929155,0.004749000072479248,0.004339999984949827,0.004503999836742878,0.004503999836742878,524600
2020-08-21,0.004503999836742878,0.004635999910533428,0.0040790000930428505,0.004172999877482653,0.004172999877482653,448005
2020-08-22,0.00417400011792779,0.0042039998807013035,0.003971999976783991,0.004031999967992306,0.004031999967992306,433461
2020-08-23,0.004031999967992306,0.004317999817430973,0.003996000159531832,0.004127999767661095,0.004127999767661095,379317
2020-08-24,0.004217000212520361,0.004370000213384628,0.004091000184416771,0.0042130001820623875,0.0042130001820623875,433539
2020-08-25,0.004220999777317047,0.004304000176489353,0.00405400013551116,0.00406600022688508,0.00406600022688508,376386
2020-08-26,0.004058000165969133,0.004368999972939491,0.004056000150740147,0.004279999993741512,0.004279999993741512,789878
2020-08-27,0.004279000218957663,0.004333999939262867,0.004089000169187784,0.004178999923169613,0.004178999923169613,510658
2020-08-28,0.004246999975293875,0.004315999802201986,0.0041680000722408295,0.004184999968856573,0.004184999968856573,542069
2020-08-29,0.004234999883919954,0.004234999883919954,0.0040790000930428505,0.004135000053793192,0.004135000053793192,437729
2020-08-30,0.004112000111490488,0.004220000002533197,0.003971999976783991,0.004077000077813864,0.004077000077813864,433297
2020-08-31,0.0040270001627504826,0.004089000169187784,0.003851999994367361,0.003973999992012978,0.003973999992012978,486672
2020-09-01,0.003973000217229128,0.004040999803692102,0.003794000018388033,0.00381499994546175,0.00381499994546175,397523
2020-09-02,0.00381499994546175,0.003973000217229128,0.003567999927327037,0.0036090000066906214,0.0036090000066906214,332062
2020-09-03,0.0036090000066906214,0.0037799999117851257,0.003386999946087599,0.0034549999982118607,0.0034549999982118607,284886
2020-09-04,0.0034469999372959137,0.0035260000731796026,0.0032430000137537718,0.0033360000234097242,0.0033360000234097242,351534
2020-09-05,0.003396000014618039,0.003498000092804432,0.0030759999062865973,0.003102000104263425,0.003102000104263425,320722
2020-09-06,0.003102000104263425,0.003484999993816018,0.002919000107795,0.0031950001139193773,0.0031950001139193773,311383
2020-09-07,0.0031950001139193773,0.003312000073492527,0.0028750000055879354,0.003100000089034438,0.003100000089034438,345001
2020-09-08,0.0030590000096708536,0.0032140000257641077,0.0028520000632852316,0.0028609998989850283,0.0028609998989850283,302611
2020-09-09,0.002876000013202429,0.003389999968931079,0.0028520000632852316,0.0030479999259114265,0.0030479999259114265,297449
2020-09-10,0.0030479999259114265,0.003487000009045005,0.0030070000793784857,0.0033650000113993883,0.0033650000113993883,384411
2020-09-11,0.0033470001071691513,0.003567999927327037,0.0031220000237226486,0.003467000089585781,0.003467000089585781,409402
2020-09-12,0.003456000005826354,0.003548000007867813,0.003315000096336007,0.0035200000274926424,0.0035200000274926424,355839
2020-09-13,0.0035200000274926424,0.0035230000503361225,0.0033390000462532043,0.0034940000623464584,0.0034940000623464584,367148
2020-09-14,0.0034860000014305115,0.00394000019878149,0.0033539999276399612,0.0038479999639093876,0.0038479999639093876,635380
2020-09-15,0.0038479999639093876,0.004701999947428703,0.0038320000749081373,0.004521000199019909,0.004521000199019909,1150726
2020-09-16,0.004519999958574772,0.004724999889731407,0.00406600022688508,0.0045529999770224094,0.0045529999770224094,298943
2020-09-17,0.0045529999770224094,0.004960999824106693,0.004269999917596579,0.004290000069886446,0.004290000069886446,457556
2020-09-18,0.004290000069886446,0.004639999940991402,0.004000999964773655,0.004189999774098396,0.004189999774098396,404515
2020-09-19,0.004189999774098396,0.004344000015407801,0.004017000086605549,0.004147999919950962,0.004147999919950962,339717
2020-09-20,0.004230000078678131,0.004554999992251396,0.004135000053793192,0.0043299999088048935,0.0043299999088048935,382224
2020-09-21,0.0044479998759925365,0.0044639999978244305,0.004042999818921089,0.00418600020930171,0.00418600020930171,428800
2020-09-22,0.004153999965637922,0.004240000154823065,0.0037169998977333307,0.004093999974429607,0.004093999974429607,414932
2020-09-23,0.004056999925523996,0.004234000109136105,0.003913000226020813,0.0039820000529289246,0.0039820000529289246,341183
2020-09-24,0.003920999821275473,0.0041229999624192715,0.003616000059992075,0.003998999949544668,0.003998999949544668,318458
2020-09-25,0.003955999854952097,0.0040790000930428505,0.0035059999208897352,0.0035840000491589308,0.0035840000491589308,346107
2020-09-26,0.003561000106856227,0.003665999975055456,0.0034759999252855778,0.0035620001144707203,0.0035620001144707203,282581
2020-09-27,0.003607999999076128,0.0036979999858886003,0.003481999970972538,0.0035149999894201756,0.0035149999894201756,275405
2020-09-28,0.0035260000731796026,0.0046270000748336315,0.0034799999557435513,0.0039049999322742224,0.0039049999322742224,974014
2020-09-29,0.0038880000356584787,0.004081999883055687,0.003585000056773424,0.003665999975055456,0.003665999975055456,427972
2020-09-30,0.003727999981492758,0.0038139999378472567,0.0035230000503361225,0.0036239998880773783,0.0036239998880773783,317007
2020-10-01,0.0036239998880773783,0.003794000018388033,0.003561000106856227,0.0036989999935030937,0.0036989999935030937,321763
2020-10-02,0.0036349999718368053,0.0037140001077204943,0.003410999896004796,0.003524000057950616,0.003524000057950616,273019
2020-10-03,0.0035200000274926424,0.003656999906525016,0.003410999896004796,0.0036140000447630882,0.0036140000447630882,277204
2020-10-04,0.0036559998989105225,0.003725999966263771,0.003421999979764223,0.003488000016659498,0.003488000016659498,291050
2020-10-05,0.003488000016659498,0.0038129999302327633,0.0034600000362843275,0.00380500010214746,0.00380500010214746,368953
2020-10-06,0.003777999896556139,0.0038139999378472567,0.0035069999285042286,0.003630999941378832,0.003630999941378832,297288
2020-10-07,0.003640000009909272,0.0037400000728666782,0.003484999993816018,0.0036410000175237656,0.0036410000175237656,292077
2020-10-08,0.0036120000295341015,0.0037150001153349876,0.003386999946087599,0.0035059999208897352,0.0035059999208897352,343859
2020-10-09,0.003470000112429261,0.0035669999197125435,0.003295999951660633,0.003413999918848276,0.003413999918848276,330254
2020-10-10,0.0033859999384731054,0.0034990001004189253,0.0032099999953061342,0.0033599999733269215,0.0033599999733269215,287447
2020-10-11,0.003369000041857362,0.003470000112429261,0.0031840000301599503,0.0033660000190138817,0.0033660000190138817,308665
2020-10-12,0.003341000061482191,0.0034519999753683805,0.0031759999692440033,0.0033660000190138817,0.0033660000190138817,311736
2020-10-13,0.0033579999580979347,0.0034439999144524336,0.0031250000465661287,0.0033909999765455723,0.0033909999765455723,311799
2020-10-14,0.0033909999765455723,0.0039969999343156815,0.0032870001159608364,0.00343300006352365,0.00343300006352365,604923
2020-10-15,0.0034519999753683805,0.0035749999806284904,0.003306000027805567,0.0034719998948276043,0.0034719998948276043,314494
2020-10-16,0.0034439999144524336,0.003576999995857477,0.003208999987691641,0.0035490000154823065,0.0035490000154823065,297615
2020-10-17,0.0035490000154823065,0.0035780000034719706,0.003198999911546707,0.0034890000242739916,0.0034890000242739916,247288
2020-10-18,0.003425000002607703,0.0035920001100748777,0.0032770000398159027,0.0034290000330656767,0.0034290000330656767,296210
2020-10-19,0.003413999918848276,0.0034839999862015247,0.0033289999701082706,0.003401000052690506,0.003401000052690506,265066
2020-10-20,0.0034199999645352364,0.003470999887213111,0.0032599999103695154,0.0034459999296814203,0.0034459999296814203,100735
2020-10-21,0.0033309999853372574,0.00395999988541007,0.0033309999853372574,0.0038399999029934406,0.0038399999029934406,319816
2020-10-22,0.0038399999029934406,0.003978000022470951,0.0036230001132935286,0.0037589999847114086,0.0037589999847114086,63501
2020-10-23,0.003880999982357025,0.0038850000128149986,0.003507999936118722,0.0035089999437332153,0.0035089999437332153,43601
2020-10-24,0.0035089999437332153,0.003746999893337488,0.003283000085502863,0.0035920001100748777,0.0035920001100748777,89951
2020-10-25,0.0035920001100748777,0.0036869999021291733,0.003295999951660633,0.003478999948129058,0.003478999948129058,38646
2020-10-26,0.003478999948129058,0.003659999929368496,0.0033080000430345535,0.0033990000374615192,0.0033990000374615192,69859
2020-10-27,0.0033990000374615192,0.0036639999598264694,0.0033629999961704016,0.0034260000102221966,0.0034260000102221966,151284
2020-10-28,0.0034260000102221966,0.003693999955430627,0.003215000033378601,0.0034149999264627695,0.0034149999264627695,142709
2020-10-29,0.003413999918848276,0.003561000106856227,0.0032240001019090414,0.0035170000046491623,0.0035170000046491623,104463
2020-10-30,0.003515999997034669,0.0035329998936504126,0.003191000083461404,0.0033390000462532043,0.0033390000462532043,84260
2020-10-31,0.0033370000310242176,0.0034050000831484795,0.003143999958410859,0.003234999952837825,0.003234999952837825,79322
2020-11-01,0.003234999952837825,0.0033710000570863485,0.0031169999856501818,0.003183000022545457,0.003183000022545457,63729
2020-11-02,0.0031840000301599503,0.003370000049471855,0.0030169999226927757,0.0032339999452233315,0.0032339999452233315,133426
2020-11-03,0.0032339999452233315,0.0033319999929517508,0.0030159999150782824,0.0031530000269412994,0.0031530000269412994,85955
2020-11-04,0.0031530000269412994,0.003197999903932214,0.0029490001033991575,0.0029929999727755785,0.0029929999727755785,71356
2020-11-05,0.0029929999727755785,0.0033390000462532043,0.0029319999739527702,0.0032569998875260353,0.0032569998875260353,126018
2020-11-06,0.0032599999103695154,0.003315000096336007,0.0029100000392645597,0.002911000046879053,0.002911000046879053,69494
2020-11-07,0.002911000046879053,0.0031590000726282597,0.002741999924182892,0.0030799999367445707,0.0030799999367445707,80164
2020-11-08,0.0030799999367445707,0.003163000103086233,0.00292599992826581,0.002993999980390072,0.002993999980390072,61803
2020-11-09,0.002993999980390072,0.0033050000201910734,0.0029929999727755785,0.0030620000325143337,0.0030620000325143337,136029
2020-11-10,0.0030620000325143337,0.0031649998854845762,0.002810999983921647,0.002964999992400408,0.002964999992400408,93673
2020-11-11,0.002964999992400408,0.0030950000509619713,0.002879000036045909,0.003028000006452203,0.003028000006452203,73678
2020-11-12,0.003028000006452203,0.003269999986514449,0.002850000048056245,0.003218000056222081,0.003218000056222081,266925
2020-11-13,0.003218000056222081,0.003286000108346343,0.003028000006452203,0.0031079999171197414,0.0031079999171197414,121401
2020-11-14,0.0031079999171197414,0.00368200009688735,0.0030169999226927757,0.003544999985024333,0.003544999985024333,137452
2020-11-15,0.0035459999926388264,0.003973999992012978,0.0034519999753683805,0.003920000046491623,0.003920000046491623,125974
2020-11-16,0.003920000046491623,0.003965999931097031,0.0031900000758469105,0.0036249998956918716,0.0036249998956918716,343235
2020-11-17,0.003625999903306365,0.0036269999109208584,0.003191000083461404,0.0033209999091923237,0.0033209999091923237,157155
2020-11-18,0.0033209999091923237,0.003490000031888485,0.0030509999487549067,0.003154000034555793,0.003154000034555793,97232
2020-11-19,0.003154000034555793,0.0032049999572336674,0.002902999985963106,0.0030139998998492956,0.0030139998998492956,115110
2020-11-20,0.003014999907463789,0.003378000110387802,0.003011999884620309,0.003287999890744686,0.003287999890744686,77738
2020-11-21,0.003287999890744686,0.003306000027805567,0.002979000099003315,0.002979000099003315,0.002979000099003315,80954
2020-11-22,0.002979000099003315,0.0031059999018907547,0.0028830000665038824,0.0030010000336915255,0.0030010000336915255,72949
2020-11-23,0.0030010000336915255,0.0032939999364316463,0.0028959999326616526,0.003200999926775694,0.003200999926775694,95007
2020-11-24,0.0032029999420046806,0.0034169999416917562,0.0031079999171197414,0.0033519999124109745,0.0033519999124109745,102353
2020-11-25,0.003350999904796481,0.0034839999862015247,0.0031479999888688326,0.0032019999343901873,0.0032019999343901873,117599
2020-11-26,0.0032019999343901873,0.0032190000638365746,0.002768999896943569,0.003019999945536256,0.003019999945536256,93225
2020-11-27,0.0030219999607652426,0.003117999993264675,0.0027759999502450228,0.002993999980390072,0.002993999980390072,70988
2020-11-28,0.002993999980390072,0.002997000003233552,0.0028009999077767134,0.0028729999903589487,0.0028729999903589487,53722
2020-11-29,0.0028729999903589487,0.0029329999815672636,0.002865999937057495,0.0029100000392645597,0.0029100000392645597,36111
2020-11-30,0.0028959999326616526,0.0033990000374615192,0.0028959999326616526,0.00317799998447299,0.00317799998447299,93214
2020-12-01,0.00317799998447299,0.0034439999144524336,0.003066000062972307,0.0031930000986903906,0.0031930000986903906,113182
2020-12-02,0.0031930000986903906,0.0035719999577850103,0.003022999968379736,0.003432000055909157,0.003432000055909157,101143
2020-12-03,0.003432000055909157,0.011169999837875366,0.0033050000201910734,0.004867000039666891,0.004867000039666891,68737061
2020-12-04,0.004850999917834997,0.004871000070124865,0.003745999885722995,0.003909999970346689,0.003909999970346689,39819378
2020-12-05,0.003914999775588512,0.00609100004658103,0.003720999928191304,0.005450000055134296,0.005450000055134296,10410851
2020-12-06,0.005442999769002199,0.007437000051140785,0.005123000126332045,0.006808000151067972,0.006808000151067972,17289347
2020-12-07,0.0067819999530911446,0.008511999621987343,0.006606999784708023,0.0071319998241961,0.0071319998241961,17796030
2020-12-08,0.007091000210493803,0.007091000210493803,0.005231999792158604,0.0053969998843967915,0.0053969998843967915,5515610
2020-12-09,0.00535399978980422,0.005543999839574099,0.00433199992403388,0.00508899986743927,0.00508899986743927,3074753
2020-12-10,0.0050650001503527164,0.00506999995559454,0.004550999961793423,0.004705000203102827,0.004705000203102827,788753
2020-12-11,0.004705000203102827,0.005330000072717667,0.004550999961793423,0.0046709999442100525,0.0046709999442100525,2371392
2020-12-12,0.0046350001357495785,0.005051000043749809,0.004488999955356121,0.004900000058114529,0.004900000058114529,570834
2020-12-13,0.004827000200748444,0.004904000088572502,0.004687000066041946,0.0047900001518428326,0.0047900001518428326,409365
2020-12-14,0.0047900001518428326,0.0047900001518428326,0.004536000080406666,0.0046640001237392426,0.0046640001237392426,315682
2020-12-15,0.0046640001237392426,0.004741999786347151,0.004505999851971865,0.004662000108510256,0.004662000108510256,667930
2020-12-16,0.004641000181436539,0.004641000181436539,0.004174999892711639,0.004387999884784222,0.004387999884784222,619538
2020-12-17,0.004356000106781721,0.004389000125229359,0.004157000221312046,0.004302999936044216,0.004302999936044216,504515
2020-12-18,0.00430000014603138,0.004459999967366457,0.004151000175625086,0.004267000127583742,0.004267000127583742,429394
2020-12-19,0.004267000127583742,0.004379000049084425,0.004149000160396099,0.00431999983265996,0.00431999983265996,466976
2020-12-20,0.00431999983265996,0.00534699996933341,0.004246999975293875,0.004701000172644854,0.004701000172644854,3279449
2020-12-21,0.0047079999931156635,0.0047439998015761375,0.004201999865472317,0.004424999933689833,0.004424999933689833,673044
2020-12-22,0.00445199990645051,0.00445199990645051,0.004145000129938126,0.004224000032991171,0.004224000032991171,272091
2020-12-23,0.004224000032991171,0.004253999795764685,0.003309000050649047,0.00342399999499321,0.00342399999499321,715554
2020-12-24,0.0034290000330656767,0.0037930000107735395,0.00304599991068244,0.003731000004336238,0.003731000004336238,576514
2020-12-25,0.003722999943420291,0.003986999858170748,0.0033400000538676977,0.003495000069960952,0.003495000069960952,364735
2020-12-26,0.003495000069960952,0.003515999997034669,0.0033450000919401646,0.00342700001783669,0.00342700001783669,250917
2020-12-27,0.00342700001783669,0.0037720000836998224,0.0033740000799298286,0.003510999958962202,0.003510999958962202,502328
2020-12-28,0.0035119999665766954,0.0039809998124837875,0.003470999887213111,0.003636999987065792,0.003636999987065792,615513
2020-12-29,0.003636999987065792,0.003705000039190054,0.003369000041857362,0.0035149999894201756,0.0035149999894201756,280527
2020-12-30,0.0035149999894201756,0.0035639998968690634,0.0034099998883903027,0.0034940000623464584,0.0034940000623464584,94621
2020-12-31,0.0034940000623464584,0.0038389998953789473,0.0034749999176710844,0.003719999920576811,0.003719999920576811,453514
2021-01-01,0.003720999928191304,0.004025000147521496,0.003650000086054206,0.003914000000804663,0.003914000000804663,203256
2021-01-02,0.003914000000804663,0.003914000000804663,0.0036430000327527523,0.003720999928191304,0.003720999928191304,285183
2021-01-03,0.003719999920576811,0.003727999981492758,0.003473999910056591,0.003579000011086464,0.003579000011086464,332610
2021-01-04,0.0036170000676065683,0.003630999941378832,0.0032399999909102917,0.0035069999285042286,0.0035069999285042286,163730
2021-01-05,0.003507999936118722,0.0035230000503361225,0.0033470001071691513,0.0034940000623464584,0.0034940000623464584,546818
2021-01-06,0.0034680000972002745,0.0035649999044835567,0.003346000099554658,0.003510999958962202,0.003510999958962202,542602
2021-01-07,0.003510999958962202,0.0037849999498575926,0.0034229999873787165,0.0037090000696480274,0.0037090000696480274,2774076
2021-01-08,0.003708000062033534,0.004424000158905983,0.0035439999774098396,0.004298999905586243,0.004298999905586243,2033310
2021-01-09,0.004298999905586243,0.004800000227987766,0.004040000028908253,0.004298999905586243,0.004298999905586243,1262167
2021-01-10,0.004298999905586243,0.004300999920815229,0.0035389999393373728,0.0038709999062120914,0.0038709999062120914,799835
2021-01-11,0.0038709999062120914,0.0038709999062120914,0.0032059999648481607,0.003558000084012747,0.003558000084012747,346282
2021-01-12,0.003558000084012747,0.003794000018388033,0.0034199999645352364,0.0036200000904500484,0.0036200000904500484,221854
2021-01-13,0.0036239998880773783,0.003711000084877014,0.0034940000623464584,0.0036879999097436666,0.0036879999097436666,92183
2021-01-14,0.0036879999097436666,0.0037879999727010727,0.00355600006878376,0.0037879999727010727,0.0037879999727010727,163804
2021-01-15,0.003790999995544553,0.003790999995544553,0.003570999950170517,0.003713000100106001,0.003713000100106001,133298
2021-01-16,0.003713000100106001,0.003984999842941761,0.0036669999826699495,0.003965000156313181,0.003965000156313181,362748
2021-01-17,0.003965000156313181,0.003973999992012978,0.0037140001077204943,0.003945999778807163,0.003945999778807163,142200
2021-01-18,0.0039610001258552074,0.0039610001258552074,0.003756999969482422,0.003945999778807163,0.003945999778807163,150618
2021-01-19,0.0039450000040233135,0.004031999967992306,0.0038689998909831047,0.004031999967992306,0.004031999967992306,141040
2021-01-20,0.004031000193208456,0.004038000013679266,0.0037479999009519815,0.003978000022470951,0.003978000022470951,212857
2021-01-21,0.003978000022470951,0.004162000026553869,0.0035439999774098396,0.0035689999349415302,0.0035689999349415302,365542
2021-01-22,0.0035890000872313976,0.004569999873638153,0.003155000042170286,0.003957999870181084,0.003957999870181084,1674456
2021-01-23,0.003957999870181084,0.003957999870181084,0.0036639999598264694,0.003783999942243099,0.003783999942243099,302286
2021-01-24,0.0037849999498575926,0.003794000018388033,0.003665999975055456,0.0037159998901188374,0.0037159998901188374,122563
2021-01-25,0.0037159998901188374,0.003790999995544553,0.0036730000283569098,0.003711000084877014,0.003711000084877014,229174
2021-01-26,0.003711000084877014,0.0037169998977333307,0.0035470000002533197,0.003667999990284443,0.003667999990284443,286997
2021-01-27,0.003667999990284443,0.0036929999478161335,0.003350999904796481,0.003438000101596117,0.003438000101596117,145853
2021-01-28,0.003438000101596117,0.0035929998848587275,0.0033660000190138817,0.0035929998848587275,0.0035929998848587275,1388395
2021-01-29,0.0035719999577850103,0.0035929998848587275,0.003407000098377466,0.0035470000002533197,0.0035470000002533197,1151548
2021-01-30,0.0035470000002533197,0.00355300004594028,0.0034099998883903027,0.0034390001092106104,0.0034390001092106104,892526
2021-01-31,0.0034469999372959137,0.003469000104814768,0.003381999908015132,0.0034439999144524336,0.0034439999144524336,689627
2021-02-01,0.0034360000863671303,0.0035429999697953463,0.003326999954879284,0.0034260000102221966,0.0034260000102221966,2011652
2021-02-02,0.00342700001783669,0.003536999924108386,0.003372000064700842,0.0035180000122636557,0.0035180000122636557,1199624
2021-02-03,0.003519000019878149,0.004002999980002642,0.003469000104814768,0.003710000077262521,0.003710000077262521,7268951
2021-02-04,0.003710000077262521,0.003909999970346689,0.003484999993816018,0.0037400000728666782,0.0037400000728666782,2756836
2021-02-05,0.0037479999009519815,0.003955000080168247,0.0036279999185353518,0.003894000081345439,0.003894000081345439,3351599
2021-02-06,0.0038950000889599323,0.0039160000160336494,0.0036899999249726534,0.003774000098928809,0.003774000098928809,1938061
2021-02-07,0.003774000098928809,0.003774000098928809,0.003601999953389168,0.003703000023961067,0.003703000023961067,1163703
2021-02-08,0.0036949999630451202,0.003957999870181084,0.0036460000555962324,0.003851999994367361,0.003851999994367361,2259606
2021-02-09,0.003851999994367361,0.004348000045865774,0.003745999885722995,0.0042329998686909676,0.0042329998686909676,6690343
2021-02-10,0.004261000081896782,0.004497000016272068,0.003986000083386898,0.004403000231832266,0.004403000231832266,5846162
2021-02-11,0.004404000006616116,0.004701999947428703,0.004310000222176313,0.004683999810367823,0.004683999810367823,4726724
2021-02-12,0.004705999977886677,0.00559200020506978,0.004459000192582607,0.005278000142425299,0.005278000142425299,13223347
2021-02-13,0.005278000142425299,0.0056050000712275505,0.004869000054895878,0.005425000097602606,0.005425000097602606,8064627
2021-02-14,0.005425000097602606,0.005960999988019466,0.005028000101447105,0.005456000100821257,0.005456000100821257,9966007
2021-02-15,0.005514000076800585,0.005514000076800585,0.004416000097990036,0.005059999879449606,0.005059999879449606,6392528
2021-02-16,0.005051999818533659,0.005166000220924616,0.004784000106155872,0.004980999976396561,0.004980999976396561,5043820
2021-02-17,0.004980999976396561,0.006548000033944845,0.004908000119030476,0.0060189999639987946,0.0060189999639987946,31180979
2021-02-18,0.005969000048935413,0.008648999966681004,0.005673999898135662,0.007896999828517437,0.007896999828517437,47511965
2021-02-19,0.008035999722778797,0.011629000306129456,0.007910000160336494,0.009096999652683735,0.009096999652683735,79733511
2021-02-20,0.009200000204145908,0.00939599983394146,0.008313000202178955,0.008647000417113304,0.008647000417113304,21766307
2021-02-21,0.008623000234365463,0.00912499986588955,0.008314000442624092,0.00904299970716238,0.00904299970716238,12187551
2021-02-22,0.00912499986588955,0.00912499986588955,0.006581000052392483,0.007860000245273113,0.007860000245273113,18538044
2021-02-23,0.00785600021481514,0.008469000458717346,0.004550000187009573,0.005793000105768442,0.005793000105768442,19893827
2021-02-24,0.005793000105768442,0.0064849997870624065,0.00508200004696846,0.006157999858260155,0.006157999858260155,12041234
2021-02-25,0.006136000156402588,0.009503999724984169,0.0060709998942911625,0.0066709998063743114,0.0066709998063743114,73765879
2021-02-26,0.0067010000348091125,0.008201000280678272,0.006260999944061041,0.007615000009536743,0.007615000009536743,41655018
2021-02-27,0.00761799979954958,0.00814799964427948,0.0071680000983178616,0.007695999927818775,0.007695999927818775,18733340
2021-02-28,0.007703999988734722,0.007726000156253576,0.005963999778032303,0.006639000028371811,0.006639000028371811,11005090
2021-03-01,0.006655000150203705,0.007296000141650438,0.006333999801427126,0.007137000095099211,0.007137000095099211,9367193
2021-03-02,0.007044000085443258,0.007116999942809343,0.006562999915331602,0.006920000072568655,0.006920000072568655,4868236
2021-03-03,0.0069519998505711555,0.007408999837934971,0.006769999861717224,0.007408999837934971,0.007408999837934971,9841205
2021-03-04,0.007430000230669975,0.008078999817371368,0.006949999835342169,0.0076870000921189785,0.0076870000921189785,17815271
2021-03-05,0.007687999866902828,0.00838099978864193,0.007079000119119883,0.008222999982535839,0.008222999982535839,20929604
2021-03-06,0.008225000463426113,0.008344000205397606,0.007342000026255846,0.008005999960005283,0.008005999960005283,10865017
2021-03-07,0.00800899975001812,0.008154000155627728,0.007660999894142151,0.007930000312626362,0.007930000312626362,5363434
2021-03-08,0.007930000312626362,0.008136999793350697,0.007501999847590923,0.007973000407218933,0.007973000407218933,9069718
2021-03-09,0.008004000410437584,0.00942699983716011,0.007792000193148851,0.008785000070929527,0.008785000070929527,44726838
2021-03-10,0.008888999931514263,0.01709599979221821,0.008669000118970871,0.011707000434398651,0.011707000434398651,398457515
2021-03-11,0.011620000004768372,0.012621000409126282,0.011102000251412392,0.01177200023084879,0.01177200023084879,40616569
2021-03-12,0.011834999546408653,0.01410400029271841,0.011772999539971352,0.013278000056743622,0.013278000056743622,73120533
2021-03-13,0.013195999898016453,0.01590700075030327,0.012168999761343002,0.014267000369727612,0.014267000369727612,68282024
2021-03-14,0.014264999888837337,0.015468999743461609,0.01295000035315752,0.013911000452935696,0.013911000452935696,29621637
2021-03-15,0.013911000452935696,0.015713000670075417,0.011698000133037567,0.015615999698638916,0.015615999698638916,40058822
2021-03-16,0.015783999115228653,0.023002000525593758,0.01428299956023693,0.021405000239610672,0.021405000239610672,152108831
2021-03-17,0.021307000890374184,0.025668999180197716,0.016179999336600304,0.023667000234127045,0.023667000234127045,176171305
2021-03-18,0.024358000606298447,0.02464500069618225,0.021421000361442566,0.023486999794840813,0.023486999794840813,47466090
2021-03-19,0.023667000234127045,0.03145899996161461,0.023094000294804573,0.030094999819993973,0.030094999819993973,98913425
2021-03-20,0.03028300032019615,0.04193999990820885,0.028334999457001686,0.03186599910259247,0.03186599910259247,233855205
2021-03-21,0.0319489985704422,0.03813999891281128,0.031700000166893005,0.037891000509262085,0.037891000509262085,91381540
2021-03-22,0.0378899984061718,0.042858000844717026,0.03170099854469299,0.0345430001616478,0.0345430001616478,109288529
2021-03-23,0.03445899859070778,0.03756000101566315,0.02680799923837185,0.03253699839115143,0.03253699839115143,105501514
2021-03-24,0.032892998307943344,0.03325200080871582,0.029154999181628227,0.029590999707579613,0.029590999707579613,56044537
2021-03-25,0.02975199930369854,0.030223000794649124,0.02654300071299076,0.02842400036752224,0.02842400036752224,31841352
2021-03-26,0.028339000418782234,0.030952999368309975,0.027928000316023827,0.030554000288248062,0.030554000288248062,38056172
2021-03-27,0.030463000759482384,0.030463000759482384,0.02877900004386902,0.030201999470591545,0.030201999470591545,21122899
2021-03-28,0.030201999470591545,0.031072000041604042,0.029040999710559845,0.03071100078523159,0.03071100078523159,22620534
2021-03-29,0.03081200085580349,0.03235999867320061,0.029431000351905823,0.031238000839948654,0.031238000839948654,34651205
2021-03-30,0.0312460009008646,0.03420799970626831,0.030268000438809395,0.03343699872493744,0.03343699872493744,36698544
2021-03-31,0.03368699923157692,0.03614100068807602,0.0300929993391037,0.03472499921917915,0.03472499921917915,67304091
2021-04-01,0.03481899946928024,0.04587100073695183,0.03255299851298332,0.0427669994533062,0.0427669994533062,160222709
2021-04-02,0.04347800090909004,0.06324800103902817,0.04347800090909004,0.05716099962592125,0.05716099962592125,256690309
2021-04-03,0.05811699852347374,0.06025100126862526,0.045504000037908554,0.047603998333215714,0.047603998333215714,92591534
2021-04-04,0.047596000134944916,0.05417000129818916,0.04624500125646591,0.052312999963760376,0.052312999963760376,52793846
2021-04-05,0.05247899889945984,0.05590000003576279,0.041944000869989395,0.044794000685214996,0.044794000685214996,66665468
2021-04-06,0.04506099969148636,0.047081999480724335,0.03796200081706047,0.04198500141501427,0.04198500141501427,57007729
2021-04-07,0.042103998363018036,0.042103998363018036,0.02223300002515316,0.030129000544548035,0.030129000544548035,0
2021-04-08,0.030128000304102898,0.04018000140786171,0.02911599911749363,0.03939700126647949,0.03939700126647949,0
2021-04-09,0.03929800167679787,0.04504700005054474,0.038839999586343765,0.04244299978017807,0.04244299978017807,0
2021-04-10,0.04235899820923805,0.04402099922299385,0.037882000207901,0.039489999413490295,0.039489999413490295,0
2021-04-11,0.039496999233961105,0.039496999233961105,0.031787000596523285,0.0381929986178875,0.0381929986178875,0
2021-04-12,0.03802400082349777,0.03843599930405617,0.034772999584674835,0.036219000816345215,0.036219000816345215,0
2021-04-13,0.03623500093817711,0.03753399848937988,0.033271998167037964,0.03511299937963486,0.03511299937963486,0
2021-04-14,0.03519599884748459,0.035739000886678696,0.030017999932169914,0.03188199922442436,0.03188199922442436,0
2021-04-15,0.031961001455783844,0.0368649996817112,0.03170099854469299,0.03653499856591225,0.03653499856591225,0
2021-04-16,0.036538999527692795,0.036538999527692795,0.03149000182747841,0.03276599943637848,0.03276599943637848,0
2021-04-17,0.03302200138568878,0.03526800125837326,0.030896000564098358,0.03526800125837326,0.03526800125837326,0
2021-04-18,0.0349310003221035,0.03639400005340576,0.027936000376939774,0.030799999833106995,0.030799999833106995,0
2021-04-19,0.030811000615358353,0.031116999685764313,0.026711000129580498,0.02713399939239025,0.02713399939239025,0
2021-04-20,0.027298999950289726,0.028609000146389008,0.02200699970126152,0.026135999709367752,0.026135999709367752,0
2021-04-21,0.026126999408006668,0.04198300093412399,0.026126999408006668,0.029905999079346657,0.029905999079346657,0
2021-04-22,0.0297240000218153,0.0297240000218153,0.01970900036394596,0.021820999681949615,0.021820999681949615,0
2021-04-23,0.021858999505639076,0.022526999935507774,0.014828000217676163,0.021818000823259354,0.021818000823259354,0
2021-04-24,0.02181899920105934,0.027202000841498375,0.021577000617980957,0.02268500067293644,0.02268500067293644,0
2021-04-25,0.022776000201702118,0.025901999324560165,0.020114000886678696,0.023492999374866486,0.023492999374866486,0
2021-04-26,0.023653000593185425,0.027741000056266785,0.022576000541448593,0.0277319997549057,0.0277319997549057,3989236
2021-04-27,0.02764900028705597,0.03370799869298935,0.026976000517606735,0.03119499981403351,0.03119499981403351,6518035
2021-04-28,0.03110799938440323,0.031191999092698097,0.026187000796198845,0.02894899994134903,0.02894899994134903,2647534
2021-04-29,0.02912200056016445,0.02912200056016445,0.026799999177455902,0.028627000749111176,0.028627000749111176,1873139
2021-04-30,0.028699999675154686,0.029756000265479088,0.027341000735759735,0.029711000621318817,0.029711000621318817,1359396
2021-05-01,0.029683999717235565,0.029683999717235565,0.02808300033211708,0.0291920006275177,0.0291920006275177,784510
2021-05-02,0.0291920006275177,0.029649000614881516,0.027394000440835953,0.02936200052499771,0.02936200052499771,1443522
2021-05-03,0.029388999566435814,0.029795000329613686,0.02876400016248226,0.029407000169157982,0.029407000169157982,1400642
2021-05-04,0.029549000784754753,0.029549000784754753,0.025832999497652054,0.026076000183820724,0.026076000183820724,992116
2021-05-05,0.02602200023829937,0.02645999938249588,0.024613000452518463,0.02628999948501587,0.02628999948501587,1204799
2021-05-06,0.026311000809073448,0.026311000809073448,0.023847000673413277,0.02474999986588955,0.02474999986588955,1033189
2021-05-07,0.02474999986588955,0.031129999086260796,0.022064000368118286,0.025462999939918518,0.025462999939918518,4227134
2021-05-08,0.025544000789523125,0.025544000789523125,0.02437799982726574,0.0248160008341074,0.0248160008341074,1040717
2021-05-09,0.0248160008341074,0.02542700059711933,0.02335200086236,0.0242139995098114,0.0242139995098114,844619
2021-05-10,0.0242139995098114,0.0242139995098114,0.02213899977505207,0.02245200052857399,0.02245200052857399,660114
2021-05-11,0.02245200052857399,0.027790000662207603,0.021385999396443367,0.02406200021505356,0.02406200021505356,3091818
2021-05-12,0.02405799925327301,0.026510000228881836,0.01991499960422516,0.01991499960422516,0.01991499960422516,2042828
2021-05-13,0.01951099932193756,0.02179899998009205,0.018724000081419945,0.02084900066256523,0.02084900066256523,1591109
2021-05-14,0.020850999280810356,0.022166000679135323,0.0201019998639822,0.021542999893426895,0.021542999893426895,886424
2021-05-15,0.02155200019478798,0.02155200019478798,0.01962600089609623,0.019998999312520027,0.019998999312520027,449617
2021-05-16,0.019998999312520027,0.021251000463962555,0.01891699992120266,0.019697999581694603,0.019697999581694603,730534
2021-05-17,0.019697999581694603,0.019697999581694603,0.016063999384641647,0.017354000359773636,0.017354000359773636,991037
2021-05-18,0.017355000600218773,0.02036299929022789,0.016718000173568726,0.01850000023841858,0.01850000023841858,864650
2021-05-19,0.01850000023841858,0.02078299969434738,0.012384000234305859,0.015918999910354614,0.015918999910354614,2579997
2021-05-20,0.015823999419808388,0.016788000240921974,0.013798000290989876,0.016788000240921974,0.016788000240921974,551605
2021-05-21,0.016834000125527382,0.02092600055038929,0.01664300076663494,0.019905999302864075,0.019905999302864075,2143094
2021-05-22,0.020659999921917915,0.021803999319672585,0.01630599983036518,0.021369000896811485,0.021369000896811485,2308689
2021-05-23,0.021563999354839325,0.021696999669075012,0.013894000090658665,0.017520999535918236,0.017520999535918236,1627366
2021-05-24,0.017734000459313393,0.018532000482082367,0.013658000156283379,0.018022000789642334,0.018022000789642334,1246620
2021-05-25,0.01838500052690506,0.01838500052690506,0.01586499996483326,0.017284000292420387,0.017284000292420387,864519
2021-05-26,0.01739099994301796,0.018749000504612923,0.017020000144839287,0.018414000049233437,0.018414000049233437,891127
2021-05-27,0.018414000049233437,0.018570000305771828,0.01695599965751171,0.017830999568104744,0.017830999568104744,387489
2021-05-28,0.017839999869465828,0.017839999869465828,0.01523400004953146,0.015891000628471375,0.015891000628471375,479695
2021-05-29,0.016025999560952187,0.016896000131964684,0.014453999698162079,0.015522999688982964,0.015522999688982964,357803
2021-05-30,0.015522999688982964,0.0157919991761446,0.013817000202834606,0.015495999716222286,0.015495999716222286,469861
2021-05-31,0.01550500001758337,0.01550500001758337,0.014406999573111534,0.01537999976426363,0.01537999976426363,181579
2021-06-01,0.01537999976426363,0.015930000692605972,0.01471799984574318,0.015194999985396862,0.015194999985396862,183683
2021-06-02,0.015193999744951725,0.015448999591171741,0.014836999587714672,0.015328999608755112,0.015328999608755112,112161
2021-06-03,0.015328999608755112,0.017531000077724457,0.015328999608755112,0.015925999730825424,0.015925999730825424,595434
2021-06-04,0.015928000211715698,0.016100000590085983,0.014504999853670597,0.015287999995052814,0.015287999995052814,164775
2021-06-05,0.015287999995052814,0.01548600010573864,0.014810999855399132,0.01502699963748455,0.01502699963748455,71222
2021-06-06,0.01502699963748455,0.015891000628471375,0.014810999855399132,0.01538699958473444,0.01538699958473444,221397
2021-06-07,0.01538699958473444,0.016124999150633812,0.01422400027513504,0.014348999597132206,0.014348999597132206,271016
2021-06-08,0.014347000047564507,0.01472499966621399,0.012381000444293022,0.013311999849975109,0.013311999849975109,256341
2021-06-09,0.013446000404655933,0.014004000462591648,0.012388000264763832,0.013549000024795532,0.013549000024795532,340939
2021-06-10,0.013549000024795532,0.015975000336766243,0.013403000310063362,0.014196000061929226,0.014196000061929226,1197026
2021-06-11,0.01419300027191639,0.015835000202059746,0.007329000160098076,0.007431000005453825,0.007431000005453825,7471835
2021-06-12,0.007422999944537878,0.007422999944537878,0.004511999897658825,0.004741999786347151,0.004741999786347151,3125384
2021-06-13,0.004720000084489584,0.004825999960303307,0.003857000032439828,0.0046190000139176846,0.0046190000139176846,1368105
2021-06-14,0.0046339998953044415,0.007528999820351601,0.0042409999296069145,0.005710999947041273,0.005710999947041273,2238221
2021-06-15,0.006554999854415655,0.006707000080496073,0.005169000010937452,0.005501000210642815,0.005501000210642815,8844245
2021-06-16,0.0060789999552071095,0.0060789999552071095,0.004732000175863504,0.004854999948292971,0.004854999948292971,3283375
2021-06-17,0.004947999957948923,0.0051310001872479916,0.003662999952211976,0.0038980001118034124,0.0038980001118034124,2725911
2021-06-18,0.0038469999562948942,0.004176999907940626,0.0029219998978078365,0.0032420000061392784,0.0032420000061392784,2776941
2021-06-19,0.003286000108346343,0.0035059999208897352,0.0030930000357329845,0.0031010000966489315,0.0031010000966489315,566710
2021-06-20,0.003102000104263425,0.003317000111564994,0.0027840000111609697,0.003017999930307269,0.003017999930307269,487732
2021-06-21,0.003017999930307269,0.003017999930307269,0.0022090000566095114,0.002211000071838498,0.002211000071838498,565457
2021-06-22,0.0022120000794529915,0.0023360000923275948,0.0017719999887049198,0.0020359999034553766,0.0020359999034553766,254699
2021-06-23,0.0020359999034553766,0.0033950000070035458,0.0019499999471008778,0.0022879999596625566,0.0022879999596625566,338222
2021-06-24,0.0022690000478178263,0.0029410000424832106,0.0022269999608397484,0.002788000041618943,0.002788000041618943,536231
2021-06-25,0.002788000041618943,0.002882000058889389,0.0026020000223070383,0.002644999884068966,0.002644999884068966,319988
2021-06-26,0.002644999884068966,0.002982999896630645,0.002604000037536025,0.0027759999502450228,0.0027759999502450228,354616
2021-06-27,0.0027759999502450228,0.0028699999675154686,0.0026539999525994062,0.002750999992713332,0.002750999992713332,148974
2021-06-28,0.002750999992713332,0.0029730000533163548,0.0027310000732541084,0.0029009999707341194,0.0029009999707341194,195421
2021-06-29,0.002901999978348613,0.003633999964222312,0.002901999978348613,0.0034000000450760126,0.0034000000450760126,819425
2021-06-30,0.003441999899223447,0.00380899989977479,0.0032909999135881662,0.003630999941378832,0.003630999941378832,600518
2021-07-01,0.003659999929368496,0.003891000058501959,0.0034549999982118607,0.0035280000884085894,0.0035280000884085894,538186
2021-07-02,0.0035280000884085894,0.003582000033929944,0.003306000027805567,0.003512999974191189,0.003512999974191189,179936
2021-07-03,0.003513999981805682,0.0035959999077022076,0.0033909999765455723,0.0035550000611692667,0.0035550000611692667,120964
2021-07-04,0.003536999924108386,0.003590000094845891,0.003396000014618039,0.003496000077575445,0.003496000077575445,141464
2021-07-05,0.003496000077575445,0.0034970000851899385,0.002982999896630645,0.0032500000670552254,0.0032500000670552254,432035
2021-07-06,0.0032500000670552254,0.0033309999853372574,0.0029800001066178083,0.0031469999812543392,0.0031469999812543392,416639
2021-07-07,0.0031469999812543392,0.0033740000799298286,0.0031240000389516354,0.003155000042170286,0.003155000042170286,457055
2021-07-08,0.0032470000442117453,0.003281000070273876,0.0028389999642968178,0.002957999939098954,0.002957999939098954,447976
2021-07-09,0.002957999939098954,0.003306000027805567,0.002736999886110425,0.003100000089034438,0.003100000089034438,353341
2021-07-10,0.0032969999592751265,0.0033259999472647905,0.0030410001054406166,0.003097000066190958,0.003097000066190958,166944
2021-07-11,0.0030980000738054514,0.0033009999897331,0.0030410001054406166,0.003126000054180622,0.003126000054180622,168603
2021-07-12,0.0031270000617951155,0.0033160001039505005,0.003011999884620309,0.003014999907463789,0.003014999907463789,248197
2021-07-13,0.003014999907463789,0.0032679999712854624,0.002993999980390072,0.003020999953150749,0.003020999953150749,270676
2021-07-14,0.003020999953150749,0.0031930000986903906,0.0028170000296086073,0.002988999942317605,0.002988999942317605,204205
2021-07-15,0.002988999942317605,0.0034310000482946634,0.0028019999153912067,0.0032250001095235348,0.0032250001095235348,1072700
2021-07-16,0.00343000004068017,0.00343000004068017,0.002942000050097704,0.0031640001107007265,0.0031640001107007265,195173
2021-07-17,0.0031640001107007265,0.0032059999648481607,0.0029529999010264874,0.003169999923557043,0.003169999923557043,166108
2021-07-18,0.003169999923557043,0.003217000048607588,0.0029990000184625387,0.003029000014066696,0.003029000014066696,160166
2021-07-19,0.0031389999203383923,0.0031759999692440033,0.002581000095233321,0.0028119999915361404,0.0028119999915361404,373661
2021-07-20,0.0028119999915361404,0.0029100000392645597,0.0024429999757558107,0.002698000054806471,0.002698000054806471,370130
2021-07-21,0.0026839999482035637,0.0029319999739527702,0.002520000096410513,0.0028959999326616526,0.0028959999326616526,179178
2021-07-22,0.002896999940276146,0.0031620000954717398,0.0026859999634325504,0.00292899995110929,0.00292899995110929,160614
2021-07-23,0.00292899995110929,0.0031560000497847795,0.0027580000460147858,0.0030090000946074724,0.0030090000946074724,254751
2021-07-24,0.003010000102221966,0.0030670000705868006,0.0028409999795258045,0.003060000017285347,0.003060000017285347,115645
2021-07-25,0.0030610000248998404,0.0031240000389516354,0.0028429999947547913,0.003123000031337142,0.003123000031337142,132943
2021-07-26,0.0031240000389516354,0.00342399999499321,0.0028029999230057,0.0030040000565350056,0.0030040000565350056,451912
2021-07-27,0.003002000041306019,0.003323999932035804,0.002827000105753541,0.003109999932348728,0.003109999932348728,207993
2021-07-28,0.003106999909505248,0.003220000071451068,0.002862999914214015,0.0031620000954717398,0.0031620000954717398,142608
2021-07-29,0.0029329999815672636,0.003200999926775694,0.002896999940276146,0.0030590000096708536,0.0030590000096708536,151604
2021-07-30,0.0030400000978261232,0.003576999995857477,0.0030249999836087227,0.0033730000723153353,0.0033730000723153353,444134
2021-07-31,0.003375000087544322,0.0036100000143051147,0.003089000005275011,0.0033499998971819878,0.0033499998971819878,212872
2021-08-01,0.0033470001071691513,0.0036410000175237656,0.0032659999560564756,0.0032659999560564756,0.0032659999560564756,263037
2021-08-02,0.003447999944910407,0.0034570000134408474,0.003237999975681305,0.0033489998895674944,0.0033489998895674944,173313
2021-08-03,0.0033489998895674944,0.004470000043511391,0.003252000082284212,0.004157999996095896,0.004157999996095896,2300775
2021-08-04,0.004188000224530697,0.004360000137239695,0.003766000038012862,0.003996000159531832,0.003996000159531832,1520868
2021-08-05,0.003994999919086695,0.004176999907940626,0.003621000098064542,0.003969000186771154,0.003969000186771154,583832
2021-08-06,0.003973000217229128,0.004257999826222658,0.0037299999967217445,0.004191000014543533,0.004191000014543533,482901
2021-08-07,0.00418000016361475,0.00507500022649765,0.004033000208437443,0.004745000042021275,0.004745000042021275,1785863
2021-08-08,0.0046790000051259995,0.005198999773710966,0.00443999981507659,0.004647000227123499,0.004647000227123499,1773992
2021-08-09,0.004528000019490719,0.005007000174373388,0.004282999783754349,0.0048039997927844524,0.0048039997927844524,706389
2021-08-10,0.004807999823242426,0.005175999831408262,0.004631000105291605,0.004856000188738108,0.004856000188738108,916223
2021-08-11,0.004856999963521957,0.0065009999088943005,0.004749999847263098,0.0058570001274347305,0.0058570001274347305,4154111
2021-08-12,0.0058559998869895935,0.006940999999642372,0.005601999815553427,0.006424000021070242,0.006424000021070242,4927545
2021-08-13,0.006424000021070242,0.008696000091731548,0.006320000160485506,0.00850799959152937,0.00850799959152937,8057723
2021-08-14,0.008504999801516533,0.008580000139772892,0.007441999856382608,0.00784400012344122,0.00784400012344122,4098884
2021-08-15,0.007845999673008919,0.008778000250458717,0.007462000008672476,0.0077229999005794525,0.0077229999005794525,3373539
2021-08-16,0.00796900037676096,0.008364000357687473,0.007166000083088875,0.007422000169754028,0.007422000169754028,4271187
2021-08-17,0.007455000188201666,0.007499000057578087,0.006318999920040369,0.0063390000723302364,0.0063390000723302364,2465826
2021-08-18,0.006312999874353409,0.0075610000640153885,0.006134999915957451,0.007261000107973814,0.007261000107973814,2628550
2021-08-19,0.00725799985229969,0.009529000148177147,0.0070859999395906925,0.008826999925076962,0.008826999925076962,11620554
2021-08-20,0.008813000284135342,0.008813000284135342,0.007499000057578087,0.007550000213086605,0.007550000213086605,3555046
2021-08-21,0.007550000213086605,0.008689000271260738,0.007029999978840351,0.008169000037014484,0.008169000037014484,3206987
2021-08-22,0.00816699955612421,0.008210999891161919,0.007410999853163958,0.0078940000385046,0.0078940000385046,1239728
2021-08-23,0.007590999826788902,0.00848000030964613,0.007538999896496534,0.00800000037997961,0.00800000037997961,1786389
2021-08-24,0.008000999689102173,0.008352000266313553,0.007414999883621931,0.007648000027984381,0.007648000027984381,1558115
2021-08-25,0.0076430002227425575,0.008655999787151814,0.007296999916434288,0.008639000356197357,0.008639000356197357,1836119
2021-08-26,0.008342999964952469,0.00865199975669384,0.007625999860465527,0.00792699959129095,0.00792699959129095,1100597
2021-08-27,0.007927999831736088,0.0085249999538064,0.007584000006318092,0.00824199989438057,0.00824199989438057,1183051
2021-08-28,0.008201999589800835,0.008259999565780163,0.007441000081598759,0.0076870000921189785,0.0076870000921189785,1048183
2021-08-29,0.0076859998516738415,0.0078050000593066216,0.006930999923497438,0.007672000210732222,0.007672000210732222,2075878
2021-08-30,0.007672999985516071,0.00774300005286932,0.006781000178307295,0.006781000178307295,0.006781000178307295,1243576
2021-08-31,0.006785999983549118,0.008977999910712242,0.006703000050038099,0.007596000097692013,0.007596000097692013,8882006
2021-09-01,0.0075980001129209995,0.008495000191032887,0.007050999905914068,0.00786499958485365,0.00786499958485365,2524440
2021-09-02,0.007864000275731087,0.008415999822318554,0.007561999838799238,0.007561999838799238,0.007561999838799238,1002067
2021-09-03,0.0075599998235702515,0.008059999905526638,0.007052999921143055,0.0071310000494122505,0.0071310000494122505,1509280
2021-09-04,0.00749000022187829,0.007957999594509602,0.007081000134348869,0.0075079998932778835,0.0075079998932778835,799389
2021-09-05,0.007511000148952007,0.008076000027358532,0.007482000160962343,0.007765000220388174,0.007765000220388174,875668
2021-09-06,0.007765000220388174,0.00808900035917759,0.007319000083953142,0.007507000118494034,0.007507000118494034,850815
2021-09-07,0.0074709998443722725,0.00784900039434433,0.006014999933540821,0.0062049999833106995,0.0062049999833106995,1551016
2021-09-08,0.00620400020852685,0.0066109998151659966,0.005661999806761742,0.006467000115662813,0.006467000115662813,1210645
2021-09-09,0.006161999888718128,0.006914000026881695,0.006105000153183937,0.006459000054746866,0.006459000054746866,719876
2021-09-10,0.006459999829530716,0.009664000011980534,0.006163000129163265,0.007220999803394079,0.007220999803394079,19348131
2021-09-11,0.007222999818623066,0.008647000417113304,0.0067900000140070915,0.008069000206887722,0.008069000206887722,6130297
2021-09-12,0.008111000061035156,0.009771999903023243,0.007722000125795603,0.00964799989014864,0.00964799989014864,5638981
2021-09-13,0.009716999717056751,0.01003700029104948,0.007156000006943941,0.007658000104129314,0.007658000104129314,6460510
2021-09-14,0.007656999863684177,0.0076859998516738415,0.006504999939352274,0.007135999854654074,0.007135999854654074,2317225
2021-09-15,0.0071379998698830605,0.007683999836444855,0.006769999861717224,0.007350000087171793,0.007350000087171793,921842
2021-09-16,0.007350000087171793,0.007753000129014254,0.006990999914705753,0.007590000052005053,0.007590000052005053,776523
2021-09-17,0.007586999796330929,0.008445000275969505,0.006750999949872494,0.007790999952703714,0.007790999952703714,3735779
2021-09-18,0.007961999624967575,0.00865199975669384,0.007592000067234039,0.007860999554395676,0.007860999554395676,3013458
2021-09-19,0.007860000245273113,0.008775999769568443,0.007495000027120113,0.007815999910235405,0.007815999910235405,3117862
2021-09-20,0.007815999910235405,0.008489999920129776,0.006885000038892031,0.007296000141650438,0.007296000141650438,2358036
2021-09-21,0.0073090000078082085,0.008101999759674072,0.0066280001774430275,0.006773999892175198,0.006773999892175198,1138480
2021-09-22,0.006643000058829784,0.007306000217795372,0.006403000093996525,0.006990000139921904,0.006990000139921904,1420822
2021-09-23,0.007027999963611364,0.00762300007045269,0.006856000050902367,0.007424999959766865,0.007424999959766865,1357351
2021-09-24,0.007420999929308891,0.007602999918162823,0.006273999810218811,0.006775999907404184,0.006775999907404184,1298207
2021-09-25,0.006777000147849321,0.007563999854028225,0.006455000024288893,0.00737199978902936,0.00737199978902936,438912
2021-09-26,0.00737199978902936,0.007891000248491764,0.007009999826550484,0.007699999958276749,0.007699999958276749,679406
2021-09-27,0.007679999805986881,0.009828999638557434,0.0066709998063743114,0.006827999837696552,0.006827999837696552,12080599
2021-09-28,0.0068870000541210175,0.006891000084578991,0.005886999890208244,0.006060999818146229,0.006060999818146229,1886751
2021-09-29,0.0059830001555383205,0.006384999956935644,0.0058189998380839825,0.005890999920666218,0.005890999920666218,806355
2021-09-30,0.0060259997844696045,0.006800000090152025,0.005931000225245953,0.006777999922633171,0.006777999922633171,1106122
2021-10-01,0.006779999937862158,0.007089000195264816,0.006134000141173601,0.007071000058203936,0.007071000058203936,1742187
2021-10-02,0.007069999817758799,0.007075000088661909,0.006366000045090914,0.006697000004351139,0.006697000004351139,1209913
2021-10-03,0.006694999989122152,0.006864999886602163,0.006213000044226646,0.006699000019580126,0.006699000019580126,464989
2021-10-04,0.006699000019580126,0.006819000001996756,0.005896999966353178,0.006422999780625105,0.006422999780625105,1030592
2021-10-05,0.006422999780625105,0.006959000136703253,0.006029999814927578,0.006312999874353409,0.006312999874353409,1192972
2021-10-06,0.006682000122964382,0.006682000122964382,0.006101999897509813,0.006556999869644642,0.006556999869644642,922016
2021-10-07,0.006554999854415655,0.006597000174224377,0.006045999936759472,0.006388999987393618,0.006388999987393618,532300
2021-10-08,0.006388999987393618,0.006583999842405319,0.006072999909520149,0.006076999939978123,0.006076999939978123,1006086
2021-10-09,0.006411000154912472,0.006554999854415655,0.0060709998942911625,0.006281999871134758,0.006281999871134758,778798
2021-10-10,0.006283000111579895,0.006579999811947346,0.0061690001748502254,0.006231999956071377,0.006231999956071377,429482
2021-10-11,0.00649499986320734,0.006643999833613634,0.005931000225245953,0.0063599999994039536,0.0063599999994039536,714879
2021-10-12,0.00636200001463294,0.00636899983510375,0.005338999908417463,0.005704000126570463,0.005704000126570463,1126890
2021-10-13,0.005702999886125326,0.006209999788552523,0.005547000095248222,0.005975999869406223,0.005975999869406223,584740
2021-10-14,0.005975000094622374,0.006180999800562859,0.005841000005602837,0.005876000039279461,0.005876000039279461,259176
2021-10-15,0.005874999798834324,0.006351000163704157,0.0055599999614059925,0.005768999923020601,0.005768999923020601,802400
2021-10-16,0.0057669999077916145,0.006357999984174967,0.005735000129789114,0.006357000209391117,0.006357000209391117,249505
2021-10-17,0.00635599996894598,0.00672800000756979,0.006273999810218811,0.006515999790281057,0.006515999790281057,664762
2021-10-18,0.006328999996185303,0.006738000083714724,0.006167999934405088,0.0066709998063743114,0.0066709998063743114,558657
2021-10-19,0.0066709998063743114,0.007094999775290489,0.006254999898374081,0.006558000110089779,0.006558000110089779,772430
2021-10-20,0.006558000110089779,0.007818000391125679,0.006558000110089779,0.007321999873965979,0.007321999873965979,3905571
2021-10-21,0.007362000178545713,0.007871000096201897,0.0064940000884234905,0.0074629997834563255,0.0074629997834563255,2122330
2021-10-22,0.007462000008672476,0.007544999942183495,0.00636899983510375,0.006785999983549118,0.006785999983549118,1188493
2021-10-23,0.006812000181525946,0.0073529998771846294,0.006353000178933144,0.006825000047683716,0.006825000047683716,832806
2021-10-24,0.006831999868154526,0.007414999883621931,0.0068060001358389854,0.007094999775290489,0.007094999775290489,638034
2021-10-25,0.007089999970048666,0.007818999700248241,0.007077000103890896,0.007631000131368637,0.007631000131368637,615316
2021-10-26,0.007631000131368637,0.007826999761164188,0.0068259998224675655,0.007176999934017658,0.007176999934017658,912258
2021-10-27,0.006823000032454729,0.00723800016567111,0.0060350000858306885,0.0060350000858306885,0.0060350000858306885,1539381
2021-10-28,0.006031999830156565,0.007269000168889761,0.006014999933540821,0.00673400005325675,0.00673400005325675,453547
2021-10-29,0.00673400005325675,0.007306999992579222,0.006407999899238348,0.0069240001030266285,0.0069240001030266285,558393
2021-10-30,0.0069229998625814915,0.0072650001384317875,0.006496000103652477,0.006763000041246414,0.006763000041246414,605870
2021-10-31,0.006479000207036734,0.007178000174462795,0.006399000063538551,0.006804000120609999,0.006804000120609999,642510
2021-11-01,0.006804000120609999,0.007215999998152256,0.0064409999176859856,0.0067090000957250595,0.0067090000957250595,602106
2021-11-02,0.006709999870508909,0.007468999829143286,0.006360999774187803,0.006891999859362841,0.006891999859362841,704070
2021-11-03,0.006891999859362841,0.006920999847352505,0.006432999856770039,0.006883999798446894,0.006883999798446894,428431
2021-11-04,0.006893999874591827,0.007313999813050032,0.006426999811083078,0.006783000193536282,0.006783000193536282,815710
2021-11-05,0.0067819999530911446,0.014611000195145607,0.0064690001308918,0.00965499971061945,0.00965499971061945,50857943
2021-11-06,0.009855999611318111,0.009855999611318111,0.008046000264585018,0.008162000216543674,0.008162000216543674,15555076
2021-11-07,0.008317999541759491,0.008388999849557877,0.007646999787539244,0.00773600023239851,0.00773600023239851,3601756
2021-11-08,0.00773700000718236,0.008423999883234501,0.007726999931037426,0.00837200041860342,0.00837200041860342,2775701
2021-11-09,0.008388999849557877,0.008577999658882618,0.007586000021547079,0.007981999777257442,0.007981999777257442,2500771
2021-11-10,0.007938999682664871,0.008074999786913395,0.0074640000239014626,0.0074640000239014626,0.0074640000239014626,1403945
2021-11-11,0.007565999869257212,0.007668000180274248,0.007348000071942806,0.0074350000359117985,0.0074350000359117985,711660
2021-11-12,0.007404000032693148,0.007828000001609325,0.007261000107973814,0.007683999836444855,0.007683999836444855,1069768
2021-11-13,0.0076790000312030315,0.008437000215053558,0.007393000181764364,0.007868999615311623,0.007868999615311623,2046253
2021-11-14,0.007868999615311623,0.00811500009149313,0.007476999890059233,0.007563999854028225,0.007563999854028225,588994
2021-11-15,0.007563999854028225,0.00800899975001812,0.007340999785810709,0.007710000034421682,0.007710000034421682,1891600
2021-11-16,0.007703000213950872,0.008551999926567078,0.0070580001920461655,0.008008000440895557,0.008008000440895557,4423361
2021-11-17,0.008004999719560146,0.008462999947369099,0.007404999807476997,0.007965000346302986,0.007965000346302986,2289472
2021-11-18,0.00796900037676096,0.00849200040102005,0.007306000217795372,0.007637999951839447,0.007637999951839447,2444374
2021-11-19,0.007637999951839447,0.007797999773174524,0.007253000047057867,0.007544000167399645,0.007544000167399645,572876
2021-11-20,0.007716000080108643,0.00918199960142374,0.007486999966204166,0.00784400012344122,0.00784400012344122,6125135
2021-11-21,0.00784400012344122,0.008415999822318554,0.0077760000713169575,0.00788700021803379,0.00788700021803379,2014841
2021-11-22,0.00788899976760149,0.008375000208616257,0.007402999792248011,0.007728999946266413,0.007728999946266413,2842940
2021-11-23,0.00773000018671155,0.009336000308394432,0.007528000045567751,0.008346999995410442,0.008346999995410442,4543898
2021-11-24,0.00834100041538477,0.008987000212073326,0.007968000136315823,0.00825200043618679,0.00825200043618679,4763568
2021-11-25,0.007969999685883522,0.00848000030964613,0.0078119998797774315,0.008108999580144882,0.008108999580144882,3031629
2021-11-26,0.007942999713122845,0.008271999657154083,0.007284000050276518,0.007602999918162823,0.007602999918162823,2031117
2021-11-27,0.007567999884486198,0.007759000174701214,0.007340999785810709,0.007675999775528908,0.007675999775528908,543956
2021-11-28,0.007681000046432018,0.007681000046432018,0.006910999771207571,0.007577999960631132,0.007577999960631132,1156249
2021-11-29,0.007581000216305256,0.0077390000224113464,0.007205000147223473,0.007590000052005053,0.007590000052005053,713122
2021-11-30,0.007594000082463026,0.00773700000718236,0.007067000027745962,0.007172000128775835,0.007172000128775835,877029
2021-12-01,0.007166000083088875,0.007675000000745058,0.0070119998417794704,0.007325999904423952,0.007325999904423952,360839
2021-12-02,0.007325000129640102,0.007439000066369772,0.006965999957174063,0.00737199978902936,0.00737199978902936,424981
2021-12-03,0.0073739998042583466,0.00773000018671155,0.007040000054985285,0.007242999970912933,0.007242999970912933,746466
2021-12-04,0.007242999970912933,0.007327999919652939,0.005698999855667353,0.006523000076413155,0.006523000076413155,2777858
2021-12-05,0.006523999851197004,0.006585000082850456,0.0058559998869895935,0.006428000051528215,0.006428000051528215,934100
2021-12-06,0.006413999944925308,0.006940000224858522,0.00585100008174777,0.006279999855905771,0.006279999855905771,1281593
2021-12-07,0.006281999871134758,0.006808000151067972,0.006273999810218811,0.006630999967455864,0.006630999967455864,404556
2021-12-08,0.006630000192672014,0.0067540002055466175,0.0060339998453855515,0.006705000065267086,0.006705000065267086,381653
2021-12-09,0.006703999824821949,0.006771000102162361,0.006300999782979488,0.006453999783843756,0.006453999783843756,223931
2021-12-10,0.006451999768614769,0.007249000016599894,0.00608400022611022,0.006099999882280827,0.006099999882280827,1280703
2021-12-11,0.00609799986705184,0.0073379999957978725,0.006093999836593866,0.006442000158131123,0.006442000158131123,1368841
2021-12-12,0.006269000004976988,0.006862999871373177,0.006246000062674284,0.006517999805510044,0.006517999805510044,639200
2021-12-13,0.006517999805510044,0.006568000186234713,0.005936000030487776,0.005936000030487776,0.005936000030487776,474493
2021-12-14,0.0059369998052716255,0.006153999827802181,0.005830000154674053,0.005898000206798315,0.005898000206798315,359965
2021-12-15,0.005967000033706427,0.006339999847114086,0.005601000040769577,0.00612299982458353,0.00612299982458353,317227
2021-12-16,0.006122000049799681,0.006345999892801046,0.006008999887853861,0.0061039999127388,0.0061039999127388,312569
2021-12-17,0.006105999927967787,0.006213000044226646,0.005764999892562628,0.0058109997771680355,0.0058109997771680355,263202
2021-12-18,0.005805000197142363,0.006231000181287527,0.005659000016748905,0.006188000086694956,0.006188000086694956,494753
2021-12-19,0.006188000086694956,0.006616000086069107,0.00597700010985136,0.006266000214964151,0.006266000214964151,2653050
2021-12-20,0.006268000230193138,0.006268000230193138,0.005843999795615673,0.006033000070601702,0.006033000070601702,550171
2021-12-21,0.006031999830156565,0.0064130001701414585,0.005898999981582165,0.006111999973654747,0.006111999973654747,344542
2021-12-22,0.006169999949634075,0.006308000069111586,0.006020000204443932,0.006029999814927578,0.006029999814927578,327406
2021-12-23,0.006029999814927578,0.006386000197380781,0.0059739998541772366,0.006244999822229147,0.006244999822229147,367219
2021-12-24,0.006244999822229147,0.006523000076413155,0.006161999888718128,0.006279999855905771,0.006279999855905771,389909
2021-12-25,0.006409999914467335,0.006428000051528215,0.006132000125944614,0.006262000184506178,0.006262000184506178,248437
2021-12-26,0.006260000169277191,0.0064210002310574055,0.00582600012421608,0.006138999946415424,0.006138999946415424,666180
2021-12-27,0.00611699977889657,0.007193000055849552,0.005781000014394522,0.006413999944925308,0.006413999944925308,4762258
2021-12-28,0.006432000081986189,0.006527000106871128,0.0058559998869895935,0.005890999920666218,0.005890999920666218,1637809
2021-12-29,0.005890000145882368,0.006068000104278326,0.005628000013530254,0.005772000178694725,0.005772000178694725,995710
2021-12-30,0.005770000163465738,0.006037000101059675,0.005679999943822622,0.0060339998453855515,0.0060339998453855515,490086
2021-12-31,0.0060339998453855515,0.006122000049799681,0.005764999892562628,0.005894999951124191,0.005894999951124191,281703
2022-01-01,0.005896000191569328,0.006134000141173601,0.0057760002091526985,0.006134000141173601,0.006134000141173601,267674
2022-01-02,0.006134000141173601,0.006136000156402588,0.005733000114560127,0.005836999975144863,0.005836999975144863,328627
2022-01-03,0.005807999987155199,0.006051999982446432,0.0056859999895095825,0.005752999801188707,0.005752999801188707,325813
2022-01-04,0.005752999801188707,0.0059369998052716255,0.005646000150591135,0.005646999925374985,0.005646999925374985,446222
2022-01-05,0.005646000150591135,0.0058120000176131725,0.0050490000285208225,0.005301999859511852,0.005301999859511852,453062
2022-01-06,0.0053010000847280025,0.00544800003990531,0.005034000147134066,0.005286000203341246,0.005286000203341246,365144
2022-01-07,0.005286000203341246,0.005402999930083752,0.0050570000894367695,0.005133000202476978,0.005133000202476978,256532
2022-01-08,0.005133000202476978,0.005363999865949154,0.004904999863356352,0.005098000168800354,0.005098000168800354,77257
2022-01-09,0.005098000168800354,0.005295000039041042,0.004941999912261963,0.004941999912261963,0.004941999912261963,118738
2022-01-10,0.004941999912261963,0.005152999889105558,0.004416999872773886,0.004788000136613846,0.004788000136613846,478862
2022-01-11,0.004788000136613846,0.005028999876230955,0.004647000227123499,0.005026999861001968,0.005026999861001968,276906
2022-01-12,0.005026999861001968,0.005200999788939953,0.004867999814450741,0.004989000037312508,0.004989000037312508,430310
2022-01-13,0.004989000037312508,0.00522099994122982,0.004867999814450741,0.004867999814450741,0.004867999814450741,226941
2022-01-14,0.004867999814450741,0.0050860000774264336,0.004786999896168709,0.0048940000124275684,0.0048940000124275684,167952
2022-01-15,0.0048940000124275684,0.0050760000012815,0.00481700012460351,0.004937999881803989,0.004937999881803989,106704
2022-01-16,0.004937999881803989,0.005171000026166439,0.004873999860137701,0.004889999981969595,0.004889999981969595,102111
2022-01-17,0.004889999981969595,0.005053000058978796,0.004819999914616346,0.004838000051677227,0.004838000051677227,124552
2022-01-18,0.004838000051677227,0.0049390001222491264,0.004648999776691198,0.0047109997831285,0.0047109997831285,281938
2022-01-19,0.0047109997831285,0.004970999900251627,0.0045529999770224094,0.00469799991697073,0.00469799991697073,182830
2022-01-20,0.00469799991697073,0.005530999973416328,0.004575999919325113,0.004575999919325113,0.004575999919325113,2618426
2022-01-21,0.004670000169426203,0.00469700014218688,0.00407300004735589,0.004133000038564205,0.004133000038564205,585927
2022-01-22,0.0040699997916817665,0.004269000142812729,0.0035570000763982534,0.0038920000661164522,0.0038920000661164522,573872
2022-01-23,0.0038930000737309456,0.004201000090688467,0.0036979999858886003,0.003984000068157911,0.003984000068157911,354289
2022-01-24,0.003984000068157911,0.003984000068157911,0.0031419999431818724,0.0034409998916089535,0.0034409998916089535,477818
2022-01-25,0.0034409998916089535,0.0036589999217540026,0.0033309999853372574,0.0036460000555962324,0.0036460000555962324,120104
2022-01-26,0.003647000063210726,0.0038590000476688147,0.0034340000711381435,0.0034779999405145645,0.0034779999405145645,260329
2022-01-27,0.003476999932900071,0.0040420000441372395,0.003384999930858612,0.003913000226020813,0.003913000226020813,769396
2022-01-28,0.003926999866962433,0.004005999770015478,0.0037330000195652246,0.003918000031262636,0.003918000031262636,214328
2022-01-29,0.003918999806046486,0.004031000193208456,0.0038169999606907368,0.003865000093355775,0.003865000093355775,101514
2022-01-30,0.0038660001009702682,0.004038999788463116,0.003860000055283308,0.0038709999062120914,0.0038709999062120914,74286
2022-01-31,0.0038709999062120914,0.004155999980866909,0.00368599989451468,0.0038819999899715185,0.0038819999899715185,364661
2022-02-01,0.0038819999899715185,0.004135999828577042,0.003728999989107251,0.003911000210791826,0.003911000210791826,81620
2022-02-02,0.003911000210791826,0.003914000000804663,0.003602999961003661,0.003754999954253435,0.003754999954253435,187006
2022-02-03,0.003756999969482422,0.00380899989977479,0.003544999985024333,0.0035570000763982534,0.0035570000763982534,126977
2022-02-04,0.0035570000763982534,0.003957999870181084,0.003515999997034669,0.0037750001065433025,0.0037750001065433025,163789
2022-02-05,0.003774000098928809,0.004162999801337719,0.003774000098928809,0.003949000034481287,0.003949000034481287,236146
2022-02-06,0.004083999898284674,0.004220999777317047,0.0038640000857412815,0.0039809998124837875,0.0039809998124837875,351004
2022-02-07,0.0039809998124837875,0.004683999810367823,0.0039369999431073666,0.00443200021982193,0.00443200021982193,500212
2022-02-08,0.00443299999460578,0.004705000203102827,0.004021000117063522,0.004304000176489353,0.004304000176489353,1657450
2022-02-09,0.004265000112354755,0.004315000027418137,0.004033000208437443,0.004155999980866909,0.004155999980866909,181255
2022-02-10,0.004155999980866909,0.004404999781399965,0.004069000016897917,0.004110000096261501,0.004110000096261501,177488
2022-02-11,0.004141999874264002,0.004228000063449144,0.0034970000851899385,0.0038479999639093876,0.0038479999639093876,267923
2022-02-12,0.0038479999639093876,0.004085000138729811,0.003785999957472086,0.003868000116199255,0.003868000116199255,133538
2022-02-13,0.003868000116199255,0.004160999786108732,0.0038240000139921904,0.0038469999562948942,0.0038469999562948942,50731
2022-02-14,0.003845999948680401,0.004002999980002642,0.003776000114157796,0.0038530000019818544,0.0038530000019818544,60678
2022-02-15,0.0038530000019818544,0.004333999939262867,0.0038530000019818544,0.004011000040918589,0.004011000040918589,189713
2022-02-16,0.004011999815702438,0.004271999932825565,0.0039820000529289246,0.004137999843806028,0.004137999843806028,89346
2022-02-17,0.004137999843806028,0.0041600000113248825,0.0037430000957101583,0.0037440001033246517,0.0037440001033246517,176365
2022-02-18,0.0037440001033246517,0.003959000110626221,0.003656999906525016,0.0036669999826699495,0.0036669999826699495,134141
2022-02-19,0.0036669999826699495,0.004093999974429607,0.0036090000066906214,0.003926000092178583,0.003926000092178583,349506
2022-02-20,0.003926000092178583,0.0039610001258552074,0.003544999985024333,0.003544999985024333,0.003544999985024333,380216
2022-02-21,0.003544999985024333,0.003783999942243099,0.003370000049471855,0.0034020000603049994,0.0034020000603049994,278482
2022-02-22,0.0034020000603049994,0.003575999988242984,0.0030950000509619713,0.00343999988399446,0.00343999988399446,269849
2022-02-23,0.00343999988399446,0.0035409999545663595,0.0031449999660253525,0.0033760000951588154,0.0033760000951588154,51737
2022-02-24,0.003375000087544322,0.003667999990284443,0.0030169999226927757,0.0034630000591278076,0.0034630000591278076,152548
2022-02-25,0.0034630000591278076,0.0035800000187009573,0.0032510000746697187,0.0035379999317228794,0.0035379999317228794,93927
2022-02-26,0.0035379999317228794,0.003851999994367361,0.003533999901264906,0.0036059999838471413,0.0036059999838471413,93174
2022-02-27,0.0036059999838471413,0.0038389998953789473,0.003421999979764223,0.0034290000330656767,0.0034290000330656767,91348
2022-02-28,0.0034280000254511833,0.004120000172406435,0.003415999934077263,0.003907000180333853,0.003907000180333853,228059
2022-03-01,0.004112000111490488,0.0041229999624192715,0.0036490000784397125,0.003994000144302845,0.003994000144302845,262261
2022-03-02,0.003994000144302845,0.004358000122010708,0.0036639999598264694,0.0037819999270141125,0.0037819999270141125,623166
2022-03-03,0.0037819999270141125,0.003894000081345439,0.003519000019878149,0.003766000038012862,0.003766000038012862,158010
2022-03-04,0.003766000038012862,0.0038270000368356705,0.003481999970972538,0.00356299988925457,0.00356299988925457,80233
2022-03-05,0.00356299988925457,0.0036059999838471413,0.0033710000570863485,0.0035699999425560236,0.0035699999425560236,33353
2022-03-06,0.0035699999425560236,0.003619000082835555,0.003312000073492527,0.003333000000566244,0.003333000000566244,62084
2022-03-07,0.003333000000566244,0.0035639998968690634,0.0032259998843073845,0.0033970000222325325,0.0033970000222325325,133657
2022-03-08,0.0033970000222325325,0.003484999993816018,0.0032049999572336674,0.0032319999299943447,0.0032319999299943447,127176
2022-03-09,0.003232999937608838,0.0036460000555962324,0.0032029999420046806,0.0035019998904317617,0.0035019998904317617,117629
2022-03-10,0.0035019998904317617,0.0035490000154823065,0.003272000001743436,0.0032850001007318497,0.0032850001007318497,72051
2022-03-11,0.0032850001007318497,0.003493000054731965,0.0031799999997019768,0.0034260000102221966,0.0034260000102221966,89418
2022-03-12,0.00342399999499321,0.0034749999176710844,0.0032130000181496143,0.00342700001783669,0.00342700001783669,68721
2022-03-13,0.0034280000254511833,0.0034620000515133142,0.003234999952837825,0.003350999904796481,0.003350999904796481,46222
2022-03-14,0.003350999904796481,0.0033919999841600657,0.0032079999800771475,0.0032339999452233315,0.0032339999452233315,85198
2022-03-15,0.003232999937608838,0.0034680000972002745,0.003148999996483326,0.003223000094294548,0.003223000094294548,53494
2022-03-16,0.0034390001092106104,0.0035290000960230827,0.003223000094294548,0.0034340000711381435,0.0034340000711381435,66626
2022-03-17,0.00343300006352365,0.0035749999806284904,0.0033660000190138817,0.0035749999806284904,0.0035749999806284904,133522
2022-03-18,0.0035749999806284904,0.0036299999337643385,0.003379999892786145,0.0035200000274926424,0.0035200000274926424,213190
2022-03-19,0.0035200000274926424,0.0037249999586492777,0.00344299990683794,0.0037239999510347843,0.0037239999510347843,169329
2022-03-20,0.0037249999586492777,0.0037819999270141125,0.003530000103637576,0.0035880000796169043,0.0035880000796169043,281903
2022-03-21,0.0035880000796169043,0.0037589999847114086,0.0034799999557435513,0.003645000047981739,0.003645000047981739,135431
2022-03-22,0.003645000047981739,0.00407300004735589,0.003530000103637576,0.003806999884545803,0.003806999884545803,234123
2022-03-23,0.0038079998921602964,0.004137999843806028,0.0034890000242739916,0.0038640000857412815,0.0038640000857412815,254946
2022-03-24,0.004033000208437443,0.004271000158041716,0.00381499994546175,0.0038499999791383743,0.0038499999791383743,2050319
2022-03-25,0.0038509999867528677,0.005016999784857035,0.00369199994020164,0.003865000093355775,0.003865000093355775,7064605
2022-03-26,0.003865000093355775,0.004000000189989805,0.00381199992261827,0.003871999913826585,0.003871999913826585,513596
2022-03-27,0.003871999913826585,0.004085000138729811,0.0038530000019818544,0.004056999925523996,0.004056999925523996,501041
2022-03-28,0.0040779998525977135,0.004637000150978565,0.0038920000661164522,0.0042489999905228615,0.0042489999905228615,1535013
2022-03-29,0.004313999786973,0.004616000223904848,0.004087999928742647,0.004329000134021044,0.004329000134021044,1459348
2022-03-30,0.004362000152468681,0.004592000041157007,0.004188000224530697,0.00419300002977252,0.00419300002977252,874253
2022-03-31,0.00419300002977252,0.004476999863982201,0.0039090001955628395,0.004108999855816364,0.004108999855816364,553664
2022-04-01,0.004083000123500824,0.004344000015407801,0.0038509999867528677,0.004118000157177448,0.004118000157177448,286560
2022-04-02,0.004118000157177448,0.00443200021982193,0.003869999898597598,0.004102000035345554,0.004102000035345554,293134
2022-04-03,0.004102000035345554,0.004348000045865774,0.00405499991029501,0.004203000105917454,0.004203000105917454,104083
2022-04-04,0.004201999865472317,0.004354999866336584,0.004058000165969133,0.004170999862253666,0.004170999862253666,172046
2022-04-05,0.004170999862253666,0.0043750000186264515,0.004083000123500824,0.004098000004887581,0.004098000004887581,185116
2022-04-06,0.004097000230103731,0.0045460001565515995,0.003713000100106001,0.0038469999562948942,0.0038469999562948942,2011818
2022-04-07,0.003831000067293644,0.0041680000722408295,0.0037640000227838755,0.0038900000508874655,0.0038900000508874655,217148
2022-04-08,0.0039049999322742224,0.004219000227749348,0.003826000029221177,0.0038560000248253345,0.0038560000248253345,235154
2022-04-09,0.0038560000248253345,0.00418000016361475,0.0036589999217540026,0.0039610001258552074,0.0039610001258552074,151352
2022-04-10,0.003978999797254801,0.004164000041782856,0.0037299999967217445,0.003871999913826585,0.003871999913826585,158460
2022-04-11,0.003871999913826585,0.0038789999671280384,0.0035409999545663595,0.0036299999337643385,0.0036299999337643385,201096
2022-04-12,0.0035719999577850103,0.003874999936670065,0.003541999962180853,0.003783999942243099,0.003783999942243099,87066
2022-04-13,0.003783999942243099,0.003868000116199255,0.003496000077575445,0.003742000088095665,0.003742000088095665,146433
2022-04-14,0.003742000088095665,0.0037960000336170197,0.0033950000070035458,0.0035979999229311943,0.0035979999229311943,133827
2022-04-15,0.0035979999229311943,0.0037819999270141125,0.003387999953702092,0.0036539998836815357,0.0036539998836815357,111672
2022-04-16,0.0036539998836815357,0.003656999906525016,0.0033740000799298286,0.0036239998880773783,0.0036239998880773783,98827
2022-04-17,0.0036239998880773783,0.003653000108897686,0.0034149999264627695,0.003601999953389168,0.003601999953389168,28993
2022-04-18,0.003601999953389168,0.0036090000066906214,0.0033629999961704016,0.003539999946951866,0.003539999946951866,83749
2022-04-19,0.003539999946951866,0.0036180000752210617,0.00343000004068017,0.0035570000763982534,0.0035570000763982534,57323
2022-04-20,0.0035570000763982534,0.0035570000763982534,0.003435000078752637,0.0035500000230968,0.0035500000230968,55935
2022-04-21,0.0035500000230968,0.003645000047981739,0.003335000015795231,0.003522000042721629,0.003522000042721629,97837
2022-04-22,0.003522000042721629,0.0035550000611692667,0.0032889998983591795,0.00342700001783669,0.00342700001783669,57566
2022-04-23,0.00342700001783669,0.003544999985024333,0.0032730000093579292,0.0035000001080334187,0.0035000001080334187,39071
2022-04-24,0.0035000001080334187,0.003533999901264906,0.0032659999560564756,0.003449999960139394,0.003449999960139394,35365
2022-04-25,0.003449999960139394,0.0035280000884085894,0.0031429999507963657,0.003527000080794096,0.003527000080794096,147823
2022-04-26,0.003527000080794096,0.0035409999545663595,0.0032140000257641077,0.0032850001007318497,0.0032850001007318497,61546
2022-04-27,0.0032850001007318497,0.0033539999276399612,0.0031640001107007265,0.003352999920025468,0.003352999920025468,36403
2022-04-28,0.003352999920025468,0.0035669999197125435,0.0031850000377744436,0.0035039999056607485,0.0035039999056607485,151874
2022-04-29,0.0035039999056607485,0.0035170000046491623,0.0031469999812543392,0.0033050000201910734,0.0033050000201910734,42349
2022-04-30,0.0033050000201910734,0.003346000099554658,0.0031250000465661287,0.0031530000269412994,0.0031530000269412994,34063
2022-05-01,0.0032840000931173563,0.003335000015795231,0.0031079999171197414,0.003155000042170286,0.003155000042170286,58816
2022-05-02,0.003155000042170286,0.003370000049471855,0.0031159999780356884,0.0031659998930990696,0.0031659998930990696,138874
2022-05-03,0.0031649998854845762,0.0033489998895674944,0.0030869999900460243,0.0033209999091923237,0.0033209999091923237,50624
2022-05-04,0.0033209999091923237,0.003464000066742301,0.003063000040128827,0.00343000004068017,0.00343000004068017,115511
2022-05-05,0.0034290000330656767,0.0034719998948276043,0.0029539999086409807,0.0029750000685453415,0.0029750000685453415,170986
2022-05-06,0.002974000060930848,0.003189000068232417,0.0026660000439733267,0.002749999985098839,0.002749999985098839,294930
2022-05-07,0.002749999985098839,0.003011999884620309,0.0027230000123381615,0.002879000036045909,0.002879000036045909,801269
2022-05-08,0.002879000036045909,0.0029639999847859144,0.0026499999221414328,0.0026519999373704195,0.0026519999373704195,43709
2022-05-09,0.0026519999373704195,0.0028029999230057,0.002225999953225255,0.002374999923631549,0.002374999923631549,200877
2022-05-10,0.002374999923631549,0.0025579999200999737,0.0021379999816417694,0.002176000038161874,0.002176000038161874,104334
2022-05-11,0.0021750000305473804,0.0024139999877661467,0.0015150000108405948,0.0017480000387877226,0.0017480000387877226,609717
2022-05-12,0.0017480000387877226,0.0020039998926222324,0.001386999967508018,0.0015689999563619494,0.0015689999563619494,205799
2022-05-13,0.001567999948747456,0.0018840000266209245,0.0015350000467151403,0.0017989999614655972,0.0017989999614655972,115351
2022-05-14,0.0017989999614655972,0.002070999937132001,0.001512999995611608,0.0020699999295175076,0.0020699999295175076,187584
2022-05-15,0.0020699999295175076,0.0021359999664127827,0.0018050000071525574,0.0019160000374540687,0.0019160000374540687,62894
2022-05-16,0.0019160000374540687,0.0021200000774115324,0.0018090000376105309,0.0018520000157877803,0.0018520000157877803,57788
2022-05-17,0.0018520000157877803,0.0020989999175071716,0.001803999999538064,0.0018660000059753656,0.0018660000059753656,87292
2022-05-18,0.0018550000386312604,0.0021299999207258224,0.0018119999440386891,0.0018840000266209245,0.0018840000266209245,204318
2022-05-19,0.0018840000266209245,0.00204299995675683,0.0017610000213608146,0.0020379999186843634,0.0020379999186843634,123811
2022-05-20,0.0020379999186843634,0.002061000093817711,0.0017719999887049198,0.0018019999843090773,0.0018019999843090773,45582
2022-05-21,0.0018019999843090773,0.0019120000069960952,0.0017709999810904264,0.0017770000267773867,0.0017770000267773867,40488
2022-05-22,0.0017770000267773867,0.0020119999535381794,0.0017689999658614397,0.0018319999799132347,0.0018319999799132347,96668
2022-05-23,0.0018319999799132347,0.0019490000559017062,0.001803999999538064,0.001851000008173287,0.001851000008173287,104857
2022-05-24,0.001851000008173287,0.00190100003965199,0.0017310000257566571,0.00177800003439188,0.00177800003439188,105270
2022-05-25,0.00177800003439188,0.0018139999592676759,0.0015170000260695815,0.001766999950632453,0.001766999950632453,94699
2022-05-26,0.0017679999582469463,0.0017979999538511038,0.0015310000162571669,0.001791000016964972,0.001791000016964972,57320
2022-05-27,0.0017900000093504786,0.0021329999435693026,0.0016370000084862113,0.001744000008329749,0.001744000008329749,301484
2022-05-28,0.0016880000475794077,0.0019209999591112137,0.0015040000434964895,0.001749000046402216,0.001749000046402216,66201
2022-05-29,0.001749000046402216,0.0017859999788925052,0.0014860000228509307,0.0015800000401213765,0.0015800000401213765,33543
2022-05-30,0.0015800000401213765,0.0020920000970363617,0.0015770000172778964,0.0019180000526830554,0.0019180000526830554,110751
2022-05-31,0.0019180000526830554,0.0019460000330582261,0.0016969999996945262,0.0019239999819546938,0.0019239999819546938,85384
2022-06-01,0.0019239999819546938,0.001943000010214746,0.0016840000171214342,0.0018179999897256494,0.0018179999897256494,94053
2022-06-02,0.0018179999897256494,0.00184299994725734,0.0016120000509545207,0.0018339999951422215,0.0018339999951422215,34239
2022-06-03,0.0018339999951422215,0.0019199999514967203,0.0015910000074654818,0.0017170000355690718,0.0017170000355690718,258197
2022-06-04,0.0017170000355690718,0.0018550000386312604,0.001690999954007566,0.0018139999592676759,0.0018139999592676759,64787
2022-06-05,0.0018139999592676759,0.0018609999679028988,0.0017000000225380063,0.0017389999702572823,0.0017389999702572823,32453
2022-06-06,0.0017389999702572823,0.0018700000364333391,0.001639000023715198,0.0017209999496117234,0.0017209999496117234,83571
2022-06-07,0.0017209999496117234,0.0018179999897256494,0.0016570000443607569,0.0017819999484345317,0.0017819999484345317,55195
2022-06-08,0.0017940000398084521,0.0018370000179857016,0.0016560000367462635,0.001820000004954636,0.001820000004954636,44832
2022-06-09,0.001820000004954636,0.0018309999722987413,0.0016530000139027834,0.0016769999638199806,0.0016769999638199806,61465
2022-06-10,0.0016769999638199806,0.0017630000365898013,0.0016029999824240804,0.0016820000018924475,0.0016820000018924475,29735
2022-06-11,0.001680999994277954,0.001706999959424138,0.0014939999673515558,0.001512999995611608,0.001512999995611608,23409
2022-06-12,0.001512999995611608,0.0016479999758303165,0.0014359999913722277,0.0014690000098198652,0.0014690000098198652,37043
2022-06-13,0.0014680000022053719,0.001521000056527555,0.0010130000300705433,0.0011350000277161598,0.0011350000277161598,299049
2022-06-14,0.0011350000277161598,0.001272000023163855,0.0009110000100918114,0.001230000052601099,0.001230000052601099,142203
2022-06-15,0.0012309999438002706,0.0012570000253617764,0.0010489999549463391,0.0011840000515803695,0.0011840000515803695,89733
2022-06-16,0.0011840000515803695,0.001353000057861209,0.0010730000212788582,0.001171999960206449,0.001171999960206449,189068
2022-06-17,0.001171999960206449,0.0013940000208094716,0.001104000024497509,0.0012779999524354935,0.0012779999524354935,678775
2022-06-18,0.0012659999774768949,0.0012789999600499868,0.0010679999832063913,0.00113800005055964,0.00113800005055964,429598
2022-06-19,0.001117000007070601,0.0012130000395700336,0.0010639999527484179,0.0012130000395700336,0.0012130000395700336,101644
2022-06-20,0.0012130000395700336,0.0012179999612271786,0.0010890000266954303,0.0011940000113099813,0.0011940000113099813,84029
2022-06-21,0.0011940000113099813,0.0012860000133514404,0.0011340000201016665,0.001231999951414764,0.001231999951414764,207611
2022-06-22,0.001231999951414764,0.0012570000253617764,0.0011449999874457717,0.0011449999874457717,0.0011449999874457717,78155
2022-06-23,0.0011449999874457717,0.0012379999971017241,0.001101000001654029,0.0012379999971017241,0.0012379999971017241,123710
2022-06-24,0.001227000029757619,0.0015950000379234552,0.0010939999483525753,0.0012809999752789736,0.0012809999752789736,1418006
2022-06-25,0.0012809999752789736,0.001429000054486096,0.0012730000307783484,0.0012959999730810523,0.0012959999730810523,113334
2022-06-26,0.0012959999730810523,0.0014250000240281224,0.001290000043809414,0.0013119999784976244,0.0013119999784976244,56978
2022-06-27,0.0013119999784976244,0.0014179999707266688,0.0012629999546334147,0.0012710000155493617,0.0012710000155493617,63465
2022-06-28,0.0012710000155493617,0.0014179999707266688,0.0012369999894872308,0.001243000035174191,0.001243000035174191,60558
2022-06-29,0.001243000035174191,0.0013500000350177288,0.0010770000517368317,0.001231999951414764,0.001231999951414764,63234
2022-06-30,0.001231999951414764,0.0014230000087991357,0.0010689999908208847,0.0011990000493824482,0.0011990000493824482,376302
2022-07-01,0.0011990000493824482,0.0012369999894872308,0.0011480000102892518,0.0011699999449774623,0.0011699999449774623,71476
2022-07-02,0.0011699999449774623,0.0015030000358819962,0.001164000015705824,0.0012939999578520656,0.0012939999578520656,2371991
2022-07-03,0.0012939999578520656,0.001475999946705997,0.0012049999786540866,0.001230000052601099,0.001230000052601099,497314
2022-07-04,0.001230000052601099,0.0013180000241845846,0.0012179999612271786,0.0012649999698624015,0.0012649999698624015,95092
2022-07-05,0.0012649999698624015,0.0012779999524354935,0.001171999960206449,0.0012390000047162175,0.0012390000047162175,83030
2022-07-06,0.0012390000047162175,0.0012919999426230788,0.00120900000911206,0.0012639999622479081,0.0012639999622479081,131845
2022-07-07,0.001259000040590763,0.0013960000360384583,0.0012199999764561653,0.0013150000013411045,0.0013150000013411045,64600
2022-07-08,0.0013150000013411045,0.0014560000272467732,0.0012880000285804272,0.0013650000328198075,0.0013650000328198075,381930
2022-07-09,0.0013650000328198075,0.0014809999847784638,0.0013139999937266111,0.0014659999869763851,0.0014659999869763851,88903
2022-07-10,0.0014690000098198652,0.0015829999465495348,0.0012910000514239073,0.0013429999817162752,0.0013429999817162752,637344
2022-07-11,0.0013429999817162752,0.001353000057861209,0.0012260000221431255,0.0012260000221431255,0.0012260000221431255,87330
2022-07-12,0.0012260000221431255,0.0012629999546334147,0.0012069999938830733,0.0012080000014975667,0.0012080000014975667,24582
2022-07-13,0.0012080000014975667,0.0013160000089555979,0.0011970000341534615,0.0012669999850913882,0.0012669999850913882,44794
2022-07-14,0.0012669999850913882,0.0013569999719038606,0.0012390000047162175,0.0013099999632686377,0.0013099999632686377,69457
2022-07-15,0.0013099999632686377,0.001879999996162951,0.0012829999905079603,0.0015510000521317124,0.0015510000521317124,390820
2022-07-16,0.0015510000521317124,0.0016110000433400273,0.0014550000196322799,0.0015069999499246478,0.0015069999499246478,768537
2022-07-17,0.0015069999499246478,0.0015539999585598707,0.0014700000174343586,0.0014900000533089042,0.0014900000533089042,222608
2022-07-18,0.0014900000533089042,0.0017519999528303742,0.0014659999869763851,0.0015960000455379486,0.0015960000455379486,649114
2022-07-19,0.0015960000455379486,0.002196999965235591,0.001541999983601272,0.0020570000633597374,0.0020570000633597374,1458786
2022-07-20,0.002044999971985817,0.002044999971985817,0.001867000013589859,0.001962000038474798,0.001962000038474798,997913
2022-07-21,0.001962000038474798,0.002131999935954809,0.0018919999711215496,0.002010999945923686,0.002010999945923686,562538
2022-07-22,0.0020099999383091927,0.0020149999763816595,0.0018899999558925629,0.0019000000320374966,0.0019000000320374966,214656
2022-07-23,0.0019109999993816018,0.0020469999872148037,0.0018820000113919377,0.0018919999711215496,0.0018919999711215496,82164
2022-07-24,0.0018919999711215496,0.00203399988822639,0.0018769999733194709,0.0020020001102238894,0.0020020001102238894,82896
2022-07-25,0.0020020001102238894,0.0020310000982135534,0.0018500000005587935,0.0019199999514967203,0.0019199999514967203,165593
2022-07-26,0.0019199999514967203,0.0020940001122653484,0.0018649999983608723,0.0020940001122653484,0.0020940001122653484,216684
2022-07-27,0.002094999887049198,0.0024689999409019947,0.0019259999971836805,0.0021299999207258224,0.0021299999207258224,1775122
2022-07-28,0.0021299999207258224,0.0022960000205785036,0.0020940001122653484,0.0022169998846948147,0.0022169998846948147,364820
2022-07-29,0.0022090000566095114,0.002474999986588955,0.002177000045776367,0.0023129999171942472,0.0023129999171942472,483007
2022-07-30,0.002303000073879957,0.002583000110462308,0.0019150000298395753,0.0020540000405162573,0.0020540000405162573,2818685
2022-07-31,0.0020540000405162573,0.002111000008881092,0.0019320000428706408,0.0020039998926222324,0.0020039998926222324,675435
2022-08-01,0.0020039998926222324,0.0021699999924749136,0.0018850000342354178,0.0020540000405162573,0.0020540000405162573,469042
2022-08-02,0.0020540000405162573,0.002268000040203333,0.0016680000117048621,0.002050000010058284,0.002050000010058284,1000523
2022-08-03,0.0018649999983608723,0.0020830000285059214,0.0016820000018924475,0.0016820000018924475,0.0016820000018924475,170987
2022-08-04,0.0016820000018924475,0.0019369999645277858,0.0016799999866634607,0.0018220000201836228,0.0018220000201836228,523387
2022-08-05,0.0018220000201836228,0.0019109999993816018,0.0017099999822676182,0.001858999952673912,0.001858999952673912,109447
2022-08-06,0.0018619999755173922,0.0019759999122470617,0.0017920000245794654,0.0018729999428614974,0.0018729999428614974,178638
2022-08-07,0.0018729999428614974,0.001969000091776252,0.0018029999919235706,0.0018870000494644046,0.0018870000494644046,207688
2022-08-08,0.0018870000494644046,0.0019249999895691872,0.0017579999985173345,0.001883000019006431,0.001883000019006431,205487
2022-08-09,0.001883000019006431,0.001981999957934022,0.0018220000201836228,0.0018680000212043524,0.0018680000212043524,202079
2022-08-10,0.0018680000212043524,0.001961000030860305,0.0017190000507980585,0.0019450000254437327,0.0019450000254437327,351850
2022-08-11,0.0019480000482872128,0.0020550000481307507,0.0018489999929443002,0.0018970000091940165,0.0018970000091940165,235479
2022-08-12,0.0019020000472664833,0.001934999949298799,0.0018230000277981162,0.0018629999831318855,0.0018629999831318855,49916
2022-08-13,0.001863999990746379,0.0019450000254437327,0.0018520000157877803,0.001918999943882227,0.001918999943882227,100021
2022-08-14,0.001918999943882227,0.001927000004798174,0.0018479999853298068,0.0018479999853298068,0.0018479999853298068,102867
2022-08-15,0.0018479999853298068,0.0019379999721422791,0.0017529999604448676,0.001769999973475933,0.001769999973475933,145578
2022-08-16,0.001769999973475933,0.0018110000528395176,0.0017290000105276704,0.0017419999931007624,0.0017419999931007624,62085
2022-08-17,0.0017419999931007624,0.0018660000059753656,0.0017259999876841903,0.0017480000387877226,0.0017480000387877226,130151
2022-08-18,0.0017480000387877226,0.0018240000354126096,0.0016959999920800328,0.0017059999518096447,0.0017059999518096447,52044
2022-08-19,0.0017059999518096447,0.0017999999690800905,0.0014909999445080757,0.0014909999445080757,0.0014909999445080757,198219
2022-08-20,0.0014909999445080757,0.0016289999475702643,0.0014909999445080757,0.0015539999585598707,0.0015539999585598707,55995
2022-08-21,0.0015539999585598707,0.0016690000193193555,0.00152299995534122,0.0015360000543296337,0.0015360000543296337,34167
2022-08-22,0.0015360000543296337,0.0016609999584034085,0.0014799999771639705,0.0015239999629557133,0.0015239999629557133,112835
2022-08-23,0.0015239999629557133,0.0015930000226944685,0.0015089999651536345,0.0015529999509453773,0.0015529999509453773,34923
2022-08-24,0.0015529999509453773,0.0016090000281110406,0.0015369999455288053,0.0015750000020489097,0.0015750000020489097,51871
2022-08-25,0.0015750000020489097,0.0017940000398084521,0.0015610000118613243,0.0016850000247359276,0.0016850000247359276,114074
2022-08-26,0.0016850000247359276,0.0017900000093504786,0.001554999966174364,0.0015699999639764428,0.0015699999639764428,255916
2022-08-27,0.0015559999737888575,0.0016220000106841326,0.0015089999651536345,0.0016220000106841326,0.0016220000106841326,34089
2022-08-28,0.0016220000106841326,0.0018530000234022737,0.0015610000118613243,0.0017379999626427889,0.0017379999626427889,1848578
2022-08-29,0.0017379999626427889,0.0017379999626427889,0.0016120000509545207,0.0016899999463930726,0.0016899999463930726,291095
2022-08-30,0.0016899999463930726,0.001690999954007566,0.001449999981559813,0.0014619999565184116,0.0014619999565184116,177503
2022-08-31,0.0014609999489039183,0.0016210000030696392,0.0014530000044032931,0.0015200000489130616,0.0015200000489130616,66877
2022-09-01,0.0015200000489130616,0.0015439999988302588,0.0014609999489039183,0.0015180000336840749,0.0015180000336840749,55363
2022-09-02,0.0015180000336840749,0.0015640000347048044,0.0014449999434873462,0.0015069999499246478,0.0015069999499246478,26103
2022-09-03,0.0015069999499246478,0.001551999943330884,0.0014440000522881746,0.001462999964132905,0.001462999964132905,40948
2022-09-04,0.001462999964132905,0.0015010000206530094,0.0014420000370591879,0.001484000007621944,0.001484000007621944,42327
2022-09-05,0.0014750000555068254,0.001509999972768128,0.001433999976143241,0.0014530000044032931,0.0014530000044032931,32582
2022-09-06,0.0014509999891743064,0.0015160000184550881,0.0014070000033825636,0.0014070000033825636,0.0014070000033825636,74983
2022-09-07,0.0014070000033825636,0.001446999958716333,0.001357999979518354,0.0014120000414550304,0.0014120000414550304,44627
2022-09-08,0.0014120000414550304,0.0014900000533089042,0.001386999967508018,0.0014410000294446945,0.0014410000294446945,23341
2022-09-09,0.0014410000294446945,0.0015409999759867787,0.0014280000468716025,0.001500000013038516,0.001500000013038516,31025
2022-09-10,0.001500000013038516,0.001547000021673739,0.0014799999771639705,0.0015140000032261014,0.0015140000032261014,36229
2022-09-11,0.0015140000032261014,0.001598999951966107,0.0015010000206530094,0.0015330000314861536,0.0015330000314861536,80680
2022-09-12,0.0015330000314861536,0.001677999971434474,0.0015160000184550881,0.0015450000064447522,0.0015450000064447522,114846
2022-09-13,0.0015450000064447522,0.001639000023715198,0.0014309999532997608,0.0014890000456944108,0.0014890000456944108,178288
2022-09-14,0.0014359999913722277,0.0016410000389441848,0.0014309999532997608,0.0015040000434964895,0.0015040000434964895,340921
2022-09-15,0.0015040000434964895,0.0015750000020489097,0.0014690000098198652,0.0014939999673515558,0.0014939999673515558,77122
2022-09-16,0.0014939999673515558,0.0016169999726116657,0.001474000047892332,0.0015190000412985682,0.0015190000412985682,167699
2022-09-17,0.0015190000412985682,0.0016329999780282378,0.001500000013038516,0.0015310000162571669,0.0015310000162571669,304596
2022-09-18,0.0015310000162571669,0.0015999999595806003,0.0014750000555068254,0.0014750000555068254,0.0014750000555068254,145194
2022-09-19,0.0014750000555068254,0.0015770000172778964,0.0014420000370591879,0.0015069999499246478,0.0015069999499246478,96866
2022-09-20,0.0015069999499246478,0.0015450000064447522,0.0014550000196322799,0.0014720000326633453,0.0014720000326633453,81854
2022-09-21,0.0014720000326633453,0.0015399999683722854,0.001420999993570149,0.0014530000044032931,0.0014530000044032931,42392
2022-09-22,0.0014530000044032931,0.0014939999673515558,0.0013940000208094716,0.0014900000533089042,0.0014900000533089042,29661
2022-09-23,0.0014900000533089042,0.0015089999651536345,0.0014179999707266688,0.0014850000152364373,0.0014850000152364373,23661
2022-09-24,0.0014850000152364373,0.0014979999978095293,0.0013920000055804849,0.0014199999859556556,0.0014199999859556556,36475
2022-09-25,0.0014199999859556556,0.001471000025048852,0.001395000028423965,0.001424000016413629,0.001424000016413629,12164
2022-09-26,0.001424000016413629,0.0014680000022053719,0.0013970000436529517,0.0014590000500902534,0.0014590000500902534,21861
2022-09-27,0.0014600000577047467,0.0014949999749660492,0.0014349999837577343,0.0014609999489039183,0.0014609999489039183,80890
2022-09-28,0.0014609999489039183,0.0014649999793618917,0.0013970000436529517,0.0014260000316426158,0.0014260000316426158,96572
2022-09-29,0.0014260000316426158,0.0014390000142157078,0.0014029999729245901,0.001424000016413629,0.001424000016413629,22898
2022-09-30,0.001424000016413629,0.0014319999609142542,0.0013879999751225114,0.0014059999957680702,0.0014059999957680702,30986
2022-10-01,0.0014059999957680702,0.0014560000272467732,0.0013879999751225114,0.001411000033840537,0.001411000033840537,19051
2022-10-02,0.001411000033840537,0.0015020000282675028,0.0013419999741017818,0.0013460000045597553,0.0013460000045597553,35985
2022-10-03,0.0013460000045597553,0.0015719999792054296,0.001344999996945262,0.0014149999478831887,0.0014149999478831887,619680
2022-10-04,0.0014149999478831887,0.001563000027090311,0.0014140000566840172,0.0014449999434873462,0.0014449999434873462,497398
2022-10-05,0.0014449999434873462,0.0015249999705702066,0.0014349999837577343,0.0014609999489039183,0.0014609999489039183,160710
2022-10-06,0.0014609999489039183,0.0014730000402778387,0.0014299999456852674,0.0014489999739453197,0.0014489999739453197,44233
2022-10-07,0.0014489999739453197,0.0014680000022053719,0.0014100000262260437,0.0014189999783411622,0.0014189999783411622,65703
2022-10-08,0.0014189999783411622,0.0014769999543204904,0.0014090000186115503,0.0014550000196322799,0.0014550000196322799,11564
2022-10-09,0.0014519999967887998,0.001560000004246831,0.0014199999859556556,0.0014270000392571092,0.0014270000392571092,297815
2022-10-10,0.0014270000392571092,0.0014769999543204904,0.001408000010997057,0.0014120000414550304,0.0014120000414550304,84748
2022-10-11,0.0014120000414550304,0.001420999993570149,0.0013729999773204327,0.0013760000001639128,0.0013760000001639128,37078
2022-10-12,0.0013760000001639128,0.001433999976143241,0.0013760000001639128,0.0014179999707266688,0.0014179999707266688,17988
2022-10-13,0.0014179999707266688,0.0014509999891743064,0.0013070000568404794,0.001383999944664538,0.001383999944664538,39984
2022-10-14,0.001383999944664538,0.001471000025048852,0.0013640000252053142,0.001373999984934926,0.001373999984934926,13776
2022-10-15,0.0013729999773204327,0.0014029999729245901,0.0013249999610707164,0.001366000040434301,0.001366000040434301,64469
2022-10-16,0.001366000040434301,0.0014059999957680702,0.00133500003721565,0.0013500000350177288,0.0013500000350177288,19051
2022-10-17,0.0013500000350177288,0.0014100000262260437,0.001339999958872795,0.0014090000186115503,0.0014090000186115503,39506
2022-10-18,0.0014090000186115503,0.0014100000262260437,0.0013409999664872885,0.0013520000502467155,0.0013520000502467155,155845
2022-10-19,0.0011879999656230211,0.0013500000350177288,0.0011729999678209424,0.0012659999774768949,0.0012659999774768949,18482
2022-10-20,0.0012659999774768949,0.0013680000556632876,0.0012499999720603228,0.0012550000101327896,0.0012550000101327896,112781
2022-10-21,0.001256000017747283,0.0013249999610707164,0.0012359999818727374,0.0012700000079348683,0.0012700000079348683,26128
2022-10-22,0.001281999982893467,0.001303000026382506,0.001247999956831336,0.0012740000383928418,0.0012740000383928418,6036
2022-10-23,0.001269000000320375,0.0013020000187680125,0.0012329999590292573,0.0012929999502375722,0.0012929999502375722,3463
2022-10-24,0.0012929999502375722,0.001319000031799078,0.0012049999786540866,0.0013089999556541443,0.0013089999556541443,12397
2022-10-25,0.0013089999556541443,0.001357999979518354,0.0012080000014975667,0.0012509999796748161,0.0012509999796748161,11512
2022-10-26,0.0012509999796748161,0.0013879999751225114,0.0012469999492168427,0.0012760000536218286,0.0012760000536218286,37469
2022-10-27,0.0012760000536218286,0.001373999984934926,0.001247999956831336,0.0012540000025182962,0.0012540000025182962,52834
2022-10-28,0.0012540000025182962,0.0013630000175908208,0.0012400000123307109,0.0012600000482052565,0.0012600000482052565,16618
2022-10-29,0.0012600000482052565,0.0013780000153928995,0.0012550000101327896,0.0012679999927058816,0.0012679999927058816,26044
2022-10-30,0.0012679999927058816,0.0013770000077784061,0.0012619999470189214,0.0012779999524354935,0.0012779999524354935,28337
2022-10-31,0.0012779999524354935,0.0013810000382363796,0.0012499999720603228,0.0013520000502467155,0.0013520000502467155,26860
2022-11-01,0.0013520000502467155,0.0013719999697059393,0.001256000017747283,0.0012570000253617764,0.0012570000253617764,16958
2022-11-02,0.0012570000253617764,0.0013699999544769526,0.0012339999666437507,0.0012440000427886844,0.0012440000427886844,42104
2022-11-03,0.0012440000427886844,0.0013500000350177288,0.0012309999438002706,0.0013439999893307686,0.0013439999893307686,47409
2022-11-04,0.0013439999893307686,0.001395000028423965,0.0012400000123307109,0.001386999967508018,0.001386999967508018,10882
2022-11-05,0.001386999967508018,0.001408000010997057,0.0012890000361949205,0.0012939999578520656,0.0012939999578520656,19596
2022-11-06,0.001294999965466559,0.0014029999729245901,0.0012839999981224537,0.001285000005736947,0.001285000005736947,12189
2022-11-07,0.001285000005736947,0.001386999967508018,0.0012639999622479081,0.0012750000460073352,0.0012750000460073352,24055
2022-11-08,0.0012750000460073352,0.0013760000001639128,0.0011190000222995877,0.0011549999471753836,0.0011549999471753836,105679
2022-11-09,0.0011549999471753836,0.0012450000504031777,0.0008459999808110297,0.0009480000007897615,0.0009480000007897615,116608
2022-11-10,0.0009319999953731894,0.0010730000212788582,0.0008500000112690032,0.0010600000387057662,0.0010600000387057662,35600
2022-11-11,0.000965000013820827,0.0010839999886229634,0.0009389999904669821,0.0010450000409036875,0.0010450000409036875,44241
2022-11-12,0.0010450000409036875,0.0010890000266954303,0.0009260000078938901,0.0010379999876022339,0.0010379999876022339,44591
2022-11-13,0.0010379999876022339,0.0010870000114664435,0.0009069999796338379,0.0009110000100918114,0.0009110000100918114,64477
2022-11-14,0.0009110000100918114,0.0010379999876022339,0.0008539999835193157,0.0009050000226125121,0.0009050000226125121,61056
2022-11-15,0.0009050000226125121,0.0011289999820291996,0.0009040000149980187,0.001120000029914081,0.001120000029914081,45132
2022-11-16,0.001120000029914081,0.001120000029914081,0.0010110000148415565,0.0010290000354871154,0.0010290000354871154,11053
2022-11-17,0.0010290000354871154,0.0011060000397264957,0.0009059999720193446,0.0010160000529140234,0.0010160000529140234,31084
2022-11-18,0.0010160000529140234,0.0011220000451430678,0.0009289999725297093,0.0010209999745711684,0.0010209999745711684,50119
2022-11-19,0.0010209999745711684,0.0011340000201016665,0.00101500004529953,0.0011109999613836408,0.0011109999613836408,42151
2022-11-20,0.0011109999613836408,0.0011490000179037452,0.000999000039882958,0.0010890000266954303,0.0010890000266954303,78775
2022-11-21,0.0010890000266954303,0.0010890000266954303,0.0009679999784566462,0.0010489999549463391,0.0010489999549463391,48128
2022-11-22,0.0010489999549463391,0.0011080000549554825,0.0009510000236332417,0.0009820000268518925,0.0009820000268518925,279317
2022-11-23,0.0009820000268518925,0.0010140000376850367,0.00088900001719594,0.0009110000100918114,0.0009110000100918114,56013
2022-11-24,0.0009110000100918114,0.0010270000202581286,0.0009009999921545386,0.0010000000474974513,0.0010000000474974513,67075
2022-11-25,0.0010000000474974513,0.0010160000529140234,0.0008919999818317592,0.0009960000170394778,0.0009960000170394778,14729
2022-11-26,0.0009960000170394778,0.0010819999733939767,0.0009130000253207982,0.0010029999539256096,0.0010029999539256096,29654
2022-11-27,0.0010029999539256096,0.001006999984383583,0.0009040000149980187,0.0009950000094249845,0.0009950000094249845,20044
2022-11-28,0.0009950000094249845,0.001069999998435378,0.0008870000019669533,0.0008929999894462526,0.0008929999894462526,30176
2022-11-29,0.0008929999894462526,0.0010809999657794833,0.0008900000248104334,0.0010019999463111162,0.0010019999463111162,20027
2022-11-30,0.0010019999463111162,0.0010870000114664435,0.0009239999926649034,0.0010359999723732471,0.0010359999723732471,183687
2022-12-01,0.0010359999723732471,0.0011159999994561076,0.0009309999877586961,0.0010219999821856618,0.0010219999821856618,120570
2022-12-02,0.0010219999821856618,0.0010720000136643648,0.0009289999725297093,0.0010339999571442604,0.0010339999571442604,120767
2022-12-03,0.0010339999571442604,0.0011180000146850944,0.0009319999953731894,0.0010359999723732471,0.0010359999723732471,24888
2022-12-04,0.0010359999723732471,0.0010580000234767795,0.0009350000182166696,0.0009369999752379954,0.0009369999752379954,57634
2022-12-05,0.0010300000431016088,0.0010529999854043126,0.0009309999877586961,0.0010290000354871154,0.0010290000354871154,63189
2022-12-06,0.0010290000354871154,0.0010290000354871154,0.0009250000002793968,0.0010229999898001552,0.0010229999898001552,11750
2022-12-07,0.0010229999898001552,0.0010229999898001552,0.0009089999948628247,0.0009190000128000975,0.0009190000128000975,15213
2022-12-08,0.0009190000128000975,0.0010319999419152737,0.0009120000177063048,0.0010300000431016088,0.0010300000431016088,6217
2022-12-09,0.0010290000354871154,0.001041000010445714,0.0009360000258311629,0.0010349999647587538,0.0010349999647587538,20674
2022-12-10,0.0010349999647587538,0.0010470000561326742,0.0009379999828524888,0.0009410000056959689,0.0009410000056959689,35772
2022-12-11,0.0009410000056959689,0.0010489999549463391,0.0009410000056959689,0.0009469999931752682,0.0009469999931752682,22633
2022-12-12,0.0009469999931752682,0.0010349999647587538,0.0009260000078938901,0.0010349999647587538,0.0010349999647587538,42083
2022-12-13,0.0010349999647587538,0.0010649999603629112,0.0009340000106021762,0.0009679999784566462,0.0009679999784566462,11086
2022-12-14,0.0009679999784566462,0.0010930000571534038,0.0009580000187270343,0.0010760000441223383,0.0010760000441223383,67468
2022-12-15,0.001069999998435378,0.0011050000321120024,0.0009490000084042549,0.0009490000084042549,0.0009490000084042549,130411
2022-12-16,0.0009490000084042549,0.0011119999689981341,0.0009289999725297093,0.0010010000551119447,0.0010010000551119447,262121
2022-12-17,0.0010010000551119447,0.00101500004529953,0.0008960000122897327,0.00092299998505041,0.00092299998505041,51851
2022-12-18,0.00092299998505041,0.0010969999711960554,0.0009069999796338379,0.0010010000551119447,0.0010010000551119447,150400
2022-12-19,0.0010010000551119447,0.0010239999974146485,0.000893999997060746,0.0009640000062063336,0.0009640000062063336,40269
2022-12-20,0.0009640000062063336,0.0010189999593421817,0.0008859999943524599,0.0009120000177063048,0.0009120000177063048,16961
2022-12-21,0.0009120000177063048,0.0010100000072270632,0.0008999999845400453,0.0009110000100918114,0.0009110000100918114,14550
2022-12-22,0.0009110000100918114,0.0010290000354871154,0.000893999997060746,0.0009040000149980187,0.0009040000149980187,16438
2022-12-23,0.0009040000149980187,0.0009260000078938901,0.0008989999769255519,0.0009130000253207982,0.0009130000253207982,20411
2022-12-24,0.0009130000253207982,0.0010260000126436353,0.0009050000226125121,0.0009250000002793968,0.0009250000002793968,69513
2022-12-25,0.0009250000002793968,0.001016999944113195,0.000914999982342124,0.0010130000300705433,0.0010130000300705433,23315
2022-12-26,0.0010130000300705433,0.0010260000126436353,0.0009169999975711107,0.0010209999745711684,0.0010209999745711684,12031
2022-12-27,0.0010209999745711684,0.0010229999898001552,0.0009180000051856041,0.0009950000094249845,0.0009950000094249845,37390
2022-12-28,0.0009950000094249845,0.001003999961540103,0.0008970000199042261,0.0009869999485090375,0.0009869999485090375,23607
2022-12-29,0.0009869999485090375,0.0010089999996125698,0.0008640000014565885,0.0009629999985918403,0.0009629999985918403,86866
2022-12-30,0.0009629999985918403,0.0009960000170394778,0.0008709999965503812,0.000957000011112541,0.000957000011112541,140802
2022-12-31,0.000957000011112541,0.000957000011112541,0.0008660000166855752,0.000881000014487654,0.000881000014487654,86403
2023-01-01,0.000881000014487654,0.0009790000040084124,0.0008670000243000686,0.0008759999764151871,0.0008759999764151871,34003
2023-01-02,0.0008759999764151871,0.001129999989643693,0.0008640000014565885,0.0009009999921545386,0.0009009999921545386,989824
2023-01-03,0.0008950000046752393,0.0010029999539256096,0.0008880000095814466,0.0009720000089146197,0.0009720000089146197,96009
2023-01-04,0.0009679999784566462,0.0009840000420808792,0.000881000014487654,0.0008909999742172658,0.0008909999742172658,80501
2023-01-05,0.0008909999742172658,0.0009919999865815043,0.0008750000270083547,0.0009710000013001263,0.0009710000013001263,139561
2023-01-06,0.0009710000013001263,0.0009730000165291131,0.0008740000193938613,0.0008859999943524599,0.0008859999943524599,31170
2023-01-07,0.0008859999943524599,0.000977999996393919,0.0008849999867379665,0.0008909999742172658,0.0008909999742172658,8991
2023-01-08,0.0008909999742172658,0.0009869999485090375,0.0008849999867379665,0.0009840000420808792,0.0009840000420808792,72153
2023-01-09,0.0009840000420808792,0.0010179999517276883,0.0008980000275187194,0.001006999984383583,0.001006999984383583,54174
2023-01-10,0.001006999984383583,0.0010140000376850367,0.0009139999747276306,0.0009219999774359167,0.0009219999774359167,40627
2023-01-11,0.0009219999774359167,0.0010400000028312206,0.0009200000204145908,0.0009360000258311629,0.0009360000258311629,62376
2023-01-12,0.0009510000236332417,0.0010839999886229634,0.0009490000084042549,0.000986000057309866,0.000986000057309866,85781
2023-01-13,0.000986000057309866,0.001171999960206449,0.0009769999887794256,0.0011500000255182385,0.0011500000255182385,274805
2023-01-14,0.0011370000429451466,0.0012400000123307109,0.001062000053934753,0.0012019999558106065,0.0012019999558106065,202140
2023-01-15,0.0012019999558106065,0.0012379999971017241,0.0010730000212788582,0.001104000024497509,0.001104000024497509,85049
2023-01-16,0.001104000024497509,0.0012440000427886844,0.0010839999886229634,0.001243000035174191,0.001243000035174191,66793
2023-01-17,0.001243000035174191,0.0014049999881535769,0.00113800005055964,0.0012809999752789736,0.0012809999752789736,853654
2023-01-18,0.0012809999752789736,0.0014440000522881746,0.0012410000199452043,0.0012420000275596976,0.0012420000275596976,484107
2023-01-19,0.0012410000199452043,0.001386999967508018,0.0012369999894872308,0.0012679999927058816,0.0012679999927058816,150824
2023-01-20,0.0012750000460073352,0.001408000010997057,0.0012659999774768949,0.0013539999490603805,0.0013539999490603805,140342
2023-01-21,0.001357999979518354,0.001491999952122569,0.0013539999490603805,0.0014860000228509307,0.0014860000228509307,111495
2023-01-22,0.0014860000228509307,0.0014959999825805426,0.0012489999644458294,0.0013719999697059393,0.0013719999697059393,38906
2023-01-23,0.0013719999697059393,0.00152299995534122,0.001247999956831336,0.0013749999925494194,0.0013749999925494194,331010
2023-01-24,0.0013749999925494194,0.0014639999717473984,0.0012679999927058816,0.001269000000320375,0.001269000000320375,158636
2023-01-25,0.0012710000155493617,0.00145800004247576,0.0012570000253617764,0.0013940000208094716,0.0013940000208094716,70640
2023-01-26,0.0013940000208094716,0.0013960000360384583,0.0012550000101327896,0.0013790000230073929,0.0013790000230073929,40283
2023-01-27,0.0013790000230073929,0.0013790000230073929,0.001247999956831336,0.0013370000524446368,0.0013370000524446368,46835
2023-01-28,0.001339999958872795,0.0013760000001639128,0.0012540000025182962,0.0013360000448301435,0.0013360000448301435,32781
2023-01-29,0.0013360000448301435,0.0013830000534653664,0.0012550000101327896,0.0013549999566748738,0.0013549999566748738,17707
2023-01-30,0.0013549999566748738,0.0013760000001639128,0.0012209999840706587,0.001243000035174191,0.001243000035174191,30538
2023-01-31,0.001243000035174191,0.0013269999762997031,0.0012100000167265534,0.0012179999612271786,0.0012179999612271786,30649
2023-02-01,0.0012179999612271786,0.0013559999642893672,0.0012100000167265534,0.0013299999991431832,0.0013299999991431832,50438
2023-02-02,0.0013299999991431832,0.001386999967508018,0.0012400000123307109,0.0013070000568404794,0.0013070000568404794,74502
2023-02-03,0.0013070000568404794,0.0013409999664872885,0.0012240000069141388,0.0013289999915286899,0.0013289999915286899,23567
2023-02-04,0.0013289999915286899,0.0013589999871328473,0.0012240000069141388,0.0013299999991431832,0.0013299999991431832,47308
2023-02-05,0.0013299999991431832,0.0013510000426322222,0.0012240000069141388,0.0013040000339969993,0.0013040000339969993,28415
2023-02-06,0.0013040000339969993,0.0013510000426322222,0.0011980000417679548,0.0013429999817162752,0.0013429999817162752,77682
2023-02-07,0.0013429999817162752,0.0015429999912157655,0.0012619999470189214,0.0014550000196322799,0.0014550000196322799,274004
2023-02-08,0.0014550000196322799,0.0015119999879971147,0.0013630000175908208,0.001373999984934926,0.001373999984934926,137966
2023-02-09,0.001373999984934926,0.0014560000272467732,0.0013010000111535192,0.0013010000111535192,0.0013010000111535192,136936
2023-02-10,0.0013010000111535192,0.0013299999991431832,0.0012009999481961131,0.0012860000133514404,0.0012860000133514404,47591
2023-02-11,0.0012860000133514404,0.0013129999861121178,0.0012009999481961131,0.001214000047184527,0.001214000047184527,12843
2023-02-12,0.001214000047184527,0.001322000054642558,0.0012049999786540866,0.0012260000221431255,0.0012260000221431255,14977
2023-02-13,0.0012260000221431255,0.0013000000035390258,0.0011919999960809946,0.0012809999752789736,0.0012809999752789736,23529
2023-02-14,0.0012809999752789736,0.001319000031799078,0.0012009999481961131,0.0013070000568404794,0.0013070000568404794,14963
2023-02-15,0.0013070000568404794,0.001361000002361834,0.0012080000014975667,0.0012710000155493617,0.0012710000155493617,148258
2023-02-16,0.0012669999850913882,0.001408000010997057,0.0012659999774768949,0.001272000023163855,0.001272000023163855,73473
2023-02-17,0.001272000023163855,0.001370999962091446,0.0012499999720603228,0.0013620000099763274,0.0013620000099763274,51168
2023-02-18,0.001361000002361834,0.0015020000282675028,0.0012789999600499868,0.0014550000196322799,0.0014550000196322799,119168
2023-02-19,0.0014319999609142542,0.0015480000292882323,0.0013229999458417296,0.0013370000524446368,0.0013370000524446368,254475
2023-02-20,0.0013370000524446368,0.0014680000022053719,0.0013289999915286899,0.001348000019788742,0.001348000019788742,95076
2023-02-21,0.001348000019788742,0.0014459999511018395,0.0013010000111535192,0.0013070000568404794,0.0013070000568404794,54609
2023-02-22,0.0013070000568404794,0.001415999955497682,0.0012870000209659338,0.0013289999915286899,0.0013289999915286899,22290
2023-02-23,0.0013289999915286899,0.0016329999780282378,0.001306000049225986,0.0014619999565184116,0.0014619999565184116,1458661
2023-02-24,0.0014619999565184116,0.0015739999944344163,0.0014070000033825636,0.001411000033840537,0.001411000033840537,521684
2023-02-25,0.0014199999859556556,0.001487000030465424,0.0013879999751225114,0.0014189999783411622,0.0014189999783411622,59651
2023-02-26,0.0014189999783411622,0.001521000056527555,0.0014120000414550304,0.0014449999434873462,0.0014449999434873462,22315
2023-02-27,0.0014449999434873462,0.0015300000086426735,0.0013960000360384583,0.0014590000500902534,0.0014590000500902534,99610
2023-02-28,0.0014590000500902534,0.0015259999781847,0.0014100000262260437,0.001411000033840537,0.001411000033840537,53874
2023-03-01,0.0014120000414550304,0.0015279999934136868,0.001411000033840537,0.0014990000054240227,0.0014990000054240227,43363
2023-03-02,0.0014990000054240227,0.0015040000434964895,0.0013879999751225114,0.0014199999859556556,0.0014199999859556556,186679
2023-03-03,0.0014199999859556556,0.0014830000000074506,0.001243000035174191,0.0014130000490695238,0.0014130000490695238,1555025
2023-03-04,0.0014130000490695238,0.001959000015631318,0.001408000010997057,0.0016139999497681856,0.0016139999497681856,6573645
2023-03-05,0.0016159999649971724,0.0016220000106841326,0.001424000016413629,0.0014319999609142542,0.0014319999609142542,962928
2023-03-06,0.0014260000316426158,0.0015559999737888575,0.0013899999903514981,0.0014130000490695238,0.0014130000490695238,519088
2023-03-07,0.0014130000490695238,0.0015219999477267265,0.0013510000426322222,0.0013559999642893672,0.0013559999642893672,650185
2023-03-08,0.0013559999642893672,0.0014420000370591879,0.0013050000416114926,0.0013259999686852098,0.0013259999686852098,204903
2023-03-09,0.0013259999686852098,0.0013940000208094716,0.0012509999796748161,0.0012600000482052565,0.0012600000482052565,110488
2023-03-10,0.0012600000482052565,0.00133200001437217,0.0012130000395700336,0.00133200001437217,0.00133200001437217,119172
2023-03-11,0.00133200001437217,0.0013749999925494194,0.001227000029757619,0.0012619999470189214,0.0012619999470189214,34057
2023-03-12,0.0012619999470189214,0.001398000051267445,0.0012339999666437507,0.001398000051267445,0.001398000051267445,44979
2023-03-13,0.001373999984934926,0.001496999990195036,0.001310999970883131,0.0014140000566840172,0.0014140000566840172,261867
2023-03-14,0.0013279999839141965,0.0014850000152364373,0.0012969999806955457,0.0013389999512583017,0.0013389999512583017,61346
2023-03-15,0.001339999958872795,0.0015750000020489097,0.001322000054642558,0.0014850000152364373,0.0014850000152364373,1581174
2023-03-16,0.0014809999847784638,0.0015320000238716602,0.001357999979518354,0.0013770000077784061,0.0013770000077784061,307677
2023-03-17,0.0013770000077784061,0.0015399999683722854,0.0013630000175908208,0.0014489999739453197,0.0014489999739453197,124038
2023-03-18,0.0014489999739453197,0.0016240000259131193,0.0013940000208094716,0.0014619999565184116,0.0014619999565184116,811190
2023-03-19,0.0014600000577047467,0.0015839999541640282,0.0014489999739453197,0.0015180000336840749,0.0015180000336840749,485986
2023-03-20,0.0015200000489130616,0.0016270000487565994,0.0014530000044032931,0.0014720000326633453,0.0014720000326633453,1074106
2023-03-21,0.0014720000326633453,0.0015239999629557133,0.0014090000186115503,0.001436999998986721,0.001436999998986721,159199
2023-03-22,0.001436999998986721,0.0015569999814033508,0.0013930000131949782,0.001424000016413629,0.001424000016413629,73483
2023-03-23,0.001424000016413629,0.0015180000336840749,0.0013940000208094716,0.0014669999945908785,0.0014669999945908785,317529
2023-03-24,0.0014669999945908785,0.0015490000369027257,0.0014169999631121755,0.001424000016413629,0.001424000016413629,142317
2023-03-25,0.001424000016413629,0.0015020000282675028,0.001395000028423965,0.0014779999619349837,0.0014779999619349837,194718
2023-03-26,0.0014779999619349837,0.0015200000489130616,0.0013909999979659915,0.0014220000011846423,0.0014220000011846423,24334
2023-03-27,0.0014220000011846423,0.0014860000228509307,0.0013670000480487943,0.0014059999957680702,0.0014059999957680702,59539
2023-03-28,0.0014059999957680702,0.0014090000186115503,0.0013470000121742487,0.0013620000099763274,0.0013620000099763274,22027
2023-03-29,0.0013620000099763274,0.001521000056527555,0.001357999979518354,0.001420999993570149,0.001420999993570149,87593
2023-03-30,0.001420999993570149,0.0014560000272467732,0.0013099999632686377,0.001386999967508018,0.001386999967508018,190999
2023-03-31,0.001386999967508018,0.0014349999837577343,0.0012710000155493617,0.0014100000262260437,0.0014100000262260437,27932
2023-04-01,0.0014100000262260437,0.001541999983601272,0.0012809999752789736,0.0014449999434873462,0.0014449999434873462,1374412
2023-04-02,0.0014489999739453197,0.0014730000402778387,0.0014270000392571092,0.0014309999532997608,0.0014309999532997608,143609
2023-04-03,0.0014319999609142542,0.0015170000260695815,0.0013760000001639128,0.0014019999653100967,0.0014019999653100967,76885
2023-04-04,0.0014019999653100967,0.0014939999673515558,0.001373999984934926,0.001433999976143241,0.001433999976143241,52019
2023-04-05,0.001433999976143241,0.00145800004247576,0.001290000043809414,0.0013150000013411045,0.0013150000013411045,57018
2023-04-06,0.0013150000013411045,0.0014609999489039183,0.0012750000460073352,0.0014600000577047467,0.0014600000577047467,64767
2023-04-07,0.0014600000577047467,0.0014880000380799174,0.0013729999773204327,0.0013800000306218863,0.0013800000306218863,54961
2023-04-08,0.0013800000306218863,0.0014880000380799174,0.001373999984934926,0.0013800000306218863,0.0013800000306218863,26940
2023-04-09,0.0013800000306218863,0.0014149999478831887,0.001373999984934926,0.0014140000566840172,0.0014140000566840172,12011
2023-04-10,0.0014140000566840172,0.0014979999978095293,0.0013830000534653664,0.0014700000174343586,0.0014700000174343586,56996
2023-04-11,0.0014700000174343586,0.0014809999847784638,0.0013360000448301435,0.0013689999468624592,0.0013689999468624592,55929
2023-04-12,0.0013689999468624592,0.0016280000563710928,0.0013379999436438084,0.001614999957382679,0.001614999957382679,430373
2023-04-13,0.0014909999445080757,0.001728000002913177,0.0014850000152364373,0.001567999948747456,0.001567999948747456,579649
2023-04-14,0.0015910000074654818,0.0017099999822676182,0.0015460000140592456,0.0015910000074654818,0.0015910000074654818,204404
2023-04-15,0.0015910000074654818,0.00171999994199723,0.0015620000194758177,0.001673000049777329,0.001673000049777329,66779
2023-04-16,0.001673000049777329,0.0016850000247359276,0.0015219999477267265,0.0015360000543296337,0.0015360000543296337,484629
2023-04-17,0.001535913092084229,0.0015432683285325766,0.0014053001068532467,0.0014723638305440545,0.0014723638305440545,282753
